0.30511355,-0.42399704,-1000.0,0.9202
0.19202355,-0.92328876,-1000.0,0.9164
0.10457247,-1.6391956,-1000.0,0.9126
0.14543629,-2.4187431,-1000.0,0.9088
0.09287338,-3.5819669,-1000.0,0.905
0.06996987,-4.643893,-1000.0,0.9012
0.056251943,-4.9932184,-1000.0,0.8974
0.03765808,-6.1818733,-273.9,0.8936
0.026660334,-6.421591,-1000.0,0.8898
0.03992048,-7.8394594,-1000.0,0.886
0.033888258,-8.727737,-974.9,0.8822
0.024508176,-9.70124,-1000.0,0.8784000000000001
0.02832672,-11.016705,-1000.0,0.8746
0.029702326,-11.326305,-1000.0,0.8708
0.039930537,-12.884684,-1000.0,0.867
0.022131454,-12.480648,-1000.0,0.8632
0.034339674,-14.203808,-1000.0,0.8594
0.030635348,-15.029607,-1000.0,0.8556
0.020126697,-15.133556,-1000.0,0.8518
0.024983933,-16.718525,-1000.0,0.848
0.031677045,-17.305458,-1000.0,0.8442000000000001
0.026360769,-17.962482,-1000.0,0.8404
0.016599247,-18.5948,-1000.0,0.8366
0.021841543,-19.78825,-1000.0,0.8328
0.024255054,-20.846497,-1000.0,0.829
0.018315643,-20.92197,-1000.0,0.8252
0.012325037,-21.8559,-1000.0,0.8214
0.014110424,-22.503887,-1000.0,0.8176
0.012304334,-23.220015,-1000.0,0.8138000000000001
0.020565927,-23.669044,-1000.0,0.81
0.022790268,-24.670847,-1000.0,0.8062
0.020895764,-25.509144,-1000.0,0.8024
0.013443368,-25.710228,-1000.0,0.7986
0.0125967115,-26.764988,-1000.0,0.7948000000000001
0.024825014,-27.082474,-1000.0,0.791
0.020804645,-27.82901,-1000.0,0.7872
0.01871445,-28.62305,-1000.0,0.7834
0.024805678,-29.00325,-1000.0,0.7796000000000001
0.010659343,-30.086105,-1000.0,0.7758
0.022709051,-30.395363,-1000.0,0.772
0.012059009,-30.78284,-1000.0,0.7682
0.01349301,-31.430546,-1000.0,0.7644
0.022327865,-32.27397,-1000.0,0.7606
0.013876051,-32.862064,-1000.0,0.7568
0.016711375,-33.218407,-1000.0,0.753
0.008215668,-34.346474,-1000.0,0.7492000000000001
0.016050357,-35.019775,-1000.0,0.7454000000000001
0.010604151,-34.856785,-1000.0,0.7416
0.007183944,-35.896446,-1000.0,0.7378
0.008246243,-36.663773,-1000.0,0.734
0.015184578,-37.270443,-1000.0,0.7302
0.008960674,-37.851994,-1000.0,0.7264
0.005941214,-38.426548,-1000.0,0.7226
0.010568395,-39.328384,-1000.0,0.7188000000000001
0.0119374525,-39.67385,-1000.0,0.7150000000000001
0.0056330794,-40.15007,-1000.0,0.7112
0.009479072,-40.55369,-1000.0,0.7074
0.006304049,-41.2686,-1000.0,0.7036
0.003246952,-41.89277,-1000.0,0.6998
0.014773736,-42.833138,-1000.0,0.696
0.00598273,-43.305367,-1000.0,0.6922
0.008435033,-43.79772,-1000.0,0.6884
0.011363421,-44.64993,-1000.0,0.6846000000000001
0.005804526,-44.708942,-1000.0,0.6808000000000001
0.06978882,-45.21736,-1000.0,0.677
0.037988827,-45.53326,-1000.0,0.6732
0.0109716505,-45.969414,-1000.0,0.6694
0.010997547,-46.601837,-1000.0,0.6656
0.02777563,-46.996246,-1000.0,0.6618
0.011110557,-47.564354,-1000.0,0.658
0.008482997,-48.147537,-993.8,0.6542000000000001
0.0076756836,-48.728333,-1000.0,0.6504000000000001
0.026560191,-49.074257,-983.1,0.6466000000000001
0.0121749565,-49.61712,-858.5,0.6428
0.0077021616,-49.974438,-1000.0,0.639
0.008892721,-50.62623,-1000.0,0.6352
0.1420872,-51.191017,-1000.0,0.6314
0.015188615,-51.359104,-359.9,0.6276
0.008604682,-51.775295,-1000.0,0.6238
0.008604972,-52.268803,-405.0,0.6200000000000001
0.13056543,-52.761887,-1000.0,0.6162000000000001
0.07810563,-52.742943,-1000.0,0.6124
0.012180336,-53.420387,-1000.0,0.6086
0.011958561,-53.557953,-1000.0,0.6048
0.010444174,-53.99866,-1000.0,0.601
0.008586439,-54.495293,-498.1,0.5972000000000001
0.0055539855,-54.75614,-1000.0,0.5934
0.011376284,-55.241714,-1000.0,0.5896000000000001
0.011135962,-55.702465,-877.8,0.5858000000000001
0.00999339,-56.222637,-1000.0,0.5820000000000001
0.01523937,-56.58133,-1000.0,0.5782
0.18506959,-56.593876,-1000.0,0.5744
0.027676739,-57.1364,-1000.0,0.5706
0.025339957,-57.65183,-1000.0,0.5668
0.01722208,-57.60029,-1000.0,0.5630000000000001
0.08947433,-57.93244,-1000.0,0.5592
0.07066176,-58.353073,-1000.0,0.5554000000000001
0.11558527,-58.57944,-1000.0,0.5516000000000001
0.09509277,-58.68198,-1000.0,0.5478000000000001
0.01683756,-58.911896,-1000.0,0.544
0.019339735,-59.17648,-895.4,0.5402
0.011134325,-59.341972,-1000.0,0.5364
0.043645628,-60.175167,-1000.0,0.5326000000000001
0.15755573,-59.817192,-1000.0,0.5288
0.022655658,-60.125347,-1000.0,0.525
0.02723208,-60.304764,-1000.0,0.5212000000000001
0.014119568,-61.16223,-1000.0,0.5174000000000001
0.007538151,-61.222015,-1000.0,0.5136000000000001
0.048968762,-61.650005,-1000.0,0.5098
0.026116412,-61.906982,-1000.0,0.506
0.059139084,-62.2804,-1000.0,0.5022
0.14063112,-62.472168,-1000.0,0.49840000000000007
0.07847911,-62.795113,-1000.0,0.49460000000000004
0.027763616,-63.177547,-1000.0,0.4908
0.023541488,-63.199364,-1000.0,0.4870000000000001
0.047083966,-63.590744,-1000.0,0.4832000000000001
0.1519329,-62.992996,-1000.0,0.47940000000000005
0.027309036,-63.822018,-1000.0,0.4756
0.083629325,-63.362564,-1000.0,0.4718000000000001
0.01886157,-63.91463,-1000.0,0.4680000000000001
0.02908451,-64.32679,-1000.0,0.46420000000000006
0.24066095,-63.87609,-1000.0,0.46040000000000003
0.0277875,-64.64267,-1000.0,0.4566
0.018837322,-64.44609,-1000.0,0.4528000000000001
0.06082409,-64.86738,-1000.0,0.44900000000000007
0.040677287,-65.18344,-1000.0,0.44520000000000004
0.106513575,-66.19067,-1000.0,0.4414
0.03158178,-65.26543,-1000.0,0.4376000000000001
0.03361886,-66.082855,-1000.0,0.4338000000000001
0.07500175,-66.16761,-1000.0,0.43000000000000005
0.0266498,-66.130295,-1000.0,0.4262
0.02682402,-66.607666,-1000.0,0.4224000000000001
0.024754316,-67.20706,-1000.0,0.4186000000000001
0.02748769,-67.800934,-1000.0,0.41480000000000006
0.023646437,-67.6512,-1000.0,0.41100000000000003
0.0134830065,-67.30091,-1000.0,0.4072
0.013014071,-68.07633,-1000.0,0.4034000000000001
0.008252779,-68.29483,-1000.0,0.39960000000000007
0.00846771,-68.23552,-1000.0,0.39580000000000004
0.009752584,-68.27938,-1000.0,0.392
0.005101287,-68.87951,-1000.0,0.3882000000000001
0.0028065713,-69.08505,-1000.0,0.3844000000000001
0.0038331696,-69.94768,-1000.0,0.38060000000000005
0.003363962,-69.6317,-1000.0,0.3768
0.0055356217,-70.257614,-1000.0,0.3730000000000001
0.0051977667,-70.81633,-1000.0,0.3692000000000001
0.0034383968,-70.457344,-1000.0,0.36540000000000006
0.0007974155,-70.965515,-1000.0,0.36160000000000003
0.0026800616,-70.89748,-1000.0,0.3578000000000001
0.0016302947,-71.4506,-1000.0,0.3540000000000001
0.001471823,-71.73273,-1000.0,0.35020000000000007
0.0038966597,-71.99891,-1000.0,0.34640000000000004
0.0020644441,-72.31558,-1000.0,0.3426
0.00093267567,-72.54229,-1000.0,0.3388000000000001
0.0014325166,-72.644394,-1000.0,0.3350000000000001
0.002080486,-73.08092,-1000.0,0.33120000000000005
0.0017133947,-73.28605,-1000.0,0.3274
0.0014129477,-73.37659,-1000.0,0.3236000000000001
0.0016733105,-73.62102,-1000.0,0.3198000000000001
0.0008818838,-74.04487,-1000.0,0.31600000000000006
0.0010674926,-74.28824,-1000.0,0.31220000000000003
0.0009463171,-74.38932,-1000.0,0.3084000000000001
0.0012149592,-74.689545,-1000.0,0.3046000000000001
0.004865179,-74.91676,-1000.0,0.30080000000000007
0.0039342567,-74.7823,-1000.0,0.29700000000000004
0.003054358,-75.23108,-1000.0,0.2932
0.001144838,-75.49241,-1000.0,0.2894000000000001
0.0013499456,-75.60257,-1000.0,0.2856000000000001
0.0009831892,-75.69714,-1000.0,0.28180000000000005
0.006020988,-75.96367,-1000.0,0.278
0.0024476512,-76.492836,-1000.0,0.2742000000000001
0.0010602871,-76.31386,-1000.0,0.2704000000000001
0.0010694201,-76.61704,-1000.0,0.26660000000000006
0.0015699461,-76.906906,-1000.0,0.26280000000000003
0.0008182442,-77.01217,-1000.0,0.2590000000000001
0.0010239865,-77.2123,-1000.0,0.2552000000000001
0.0013478464,-77.47777,-1000.0,0.25140000000000007
0.0010420869,-77.71893,-1000.0,0.24760000000000004
0.0008958593,-78.03189,-1000.0,0.24380000000000013
0.004660933,-78.18352,-1000.0,0.2400000000000001
0.0018996446,-78.38811,-1000.0,0.23620000000000008
0.0023865353,-78.677475,-1000.0,0.23240000000000005
0.0035164577,-78.90897,-1000.0,0.22860000000000003
0.0043174173,-79.35299,-1000.0,0.2248000000000001
0.0017929923,-79.13196,-1000.0,0.22100000000000009
0.0029925976,-79.692055,-1000.0,0.21720000000000006
0.0012698146,-79.466,-1000.0,0.21340000000000003
0.0018222413,-79.87755,-1000.0,0.20960000000000012
0.0030948354,-79.81232,-1000.0,0.2058000000000001
0.0030726113,-80.17356,-1000.0,0.20200000000000007
0.0017392614,-80.38072,-1000.0,0.19820000000000004
0.0021042353,-80.666214,-1000.0,0.19440000000000013
0.0026609213,-80.78237,-1000.0,0.1906000000000001
0.0022796947,-80.880295,-1000.0,0.18680000000000008
0.0022326654,-81.091,-1000.0,0.18300000000000005
0.001927538,-81.42861,-1000.0,0.17920000000000014
0.0029664675,-81.34787,-1000.0,0.1754000000000001
0.0020298597,-81.571365,-1000.0,0.17160000000000009
0.0030125256,-81.79445,-1000.0,0.16780000000000006
0.0027247772,-81.98779,-1000.0,0.16400000000000003
0.0034359742,-82.09381,-1000.0,0.16020000000000012
0.0028848564,-82.27704,-1000.0,0.1564000000000001
0.0034110043,-82.46536,-1000.0,0.15260000000000007
0.0033888684,-82.63609,-1000.0,0.14880000000000004
0.003191428,-82.61957,-1000.0,0.14500000000000013
0.0033843075,-82.613235,-1000.0,0.1412000000000001
0.003482428,-82.893364,-1000.0,0.13740000000000008
0.0038247604,-83.12227,-1000.0,0.13360000000000005
0.0029918596,-82.991135,-1000.0,0.12980000000000014
0.0049149543,-83.72895,-1000.0,0.1260000000000001
0.0025045187,-83.62532,-1000.0,0.12220000000000009
0.002814665,-83.9421,-1000.0,0.11840000000000006
0.0031608795,-84.02769,-1000.0,0.11460000000000004
0.0036226949,-84.20101,-1000.0,0.11080000000000012
0.002928609,-83.92258,-1000.0,0.1070000000000001
0.0031727972,-84.10544,-1000.0,0.10320000000000007
0.0024362055,-84.22841,-1000.0,0.09940000000000004
0.00401924,-84.54383,-1000.0,0.09560000000000013
0.002472608,-84.89526,-1000.0,0.0918000000000001
0.0046046386,-84.849396,-1000.0,0.08800000000000008
0.0033908458,-84.38576,-1000.0,0.08420000000000005
0.0021052463,-84.78784,-1000.0,0.08040000000000014
0.0032014474,-84.89964,-1000.0,0.07660000000000011
0.0031523076,-84.485664,-1000.0,0.07280000000000009
0.0054493295,-84.96948,-1000.0,0.06900000000000006
0.0042157723,-85.17876,-1000.0,0.06520000000000015
0.007109181,-85.34482,-1000.0,0.06140000000000012
0.0033515578,-85.28764,-1000.0,0.057600000000000096
0.009963791,-85.76969,-1000.0,0.05380000000000007
0.005768664,-85.56119,-1000.0,0.050000000000000044
0.006223688,-86.025475,-1000.0,0.05
0.0093979845,-85.56018,-1000.0,0.05
0.0029008924,-85.486115,-1000.0,0.05
0.0055779517,-85.77795,-1000.0,0.05
0.0064983205,-85.72139,-1000.0,0.05
0.0055133104,-86.00096,-1000.0,0.05
0.012068868,-86.5096,-1000.0,0.05
0.012414453,-86.28563,-1000.0,0.05
0.0074031567,-86.06177,-1000.0,0.05
0.0037943842,-86.67253,-1000.0,0.05
0.0056914473,-86.95179,-1000.0,0.05
0.0061544594,-87.218,-1000.0,0.05
0.006304928,-86.96161,-1000.0,0.05
0.0029748075,-87.06578,-1000.0,0.05
0.0031915493,-86.92296,-1000.0,0.05
0.00541443,-87.22475,-1000.0,0.05
0.0023643724,-86.997116,-1000.0,0.05
0.0032710289,-87.79352,-1000.0,0.05
0.0052983244,-87.61539,-1000.0,0.05
0.0062547727,-87.714325,-1000.0,0.05
0.017448332,-87.85091,-1000.0,0.05
0.0054679536,-88.169495,-1000.0,0.05
0.0018271242,-87.78414,-1000.0,0.05
0.0029975548,-88.34073,-1000.0,0.05
0.001127277,-88.451294,-1000.0,0.05
0.0013724107,-88.63261,-1000.0,0.05
0.00021476838,-88.46984,-1000.0,0.05
0.0009068323,-88.62926,-1000.0,0.05
0.000391083,-88.83748,-1000.0,0.05
0.0023095366,-89.047165,-1000.0,0.05
0.0016597176,-88.971436,-1000.0,0.05
0.00025711505,-88.9261,-1000.0,0.05
0.00020976769,-89.071075,-1000.0,0.05
0.00029861007,-89.069595,-1000.0,0.05
0.0006347938,-89.20102,-1000.0,0.05
0.0006005735,-89.34868,-1000.0,0.05
0.0002413264,-89.52809,-1000.0,0.05
0.0002078579,-89.36006,-1000.0,0.05
0.00025808657,-89.57956,-1000.0,0.05
6.064032e-05,-89.66124,-1000.0,0.05
0.00015666694,-89.72116,-1000.0,0.05
9.544619e-05,-89.82681,-1000.0,0.05
8.6443775e-05,-89.85974,-1000.0,0.05
0.00015076502,-89.956955,-1000.0,0.05
4.9776565e-05,-90.07405,-1000.0,0.05
6.900549e-05,-90.13567,-1000.0,0.05
8.8219465e-05,-90.20156,-1000.0,0.05
8.107167e-05,-90.29965,-1000.0,0.05
8.926423e-05,-90.38626,-1000.0,0.05
6.431861e-05,-90.49097,-1000.0,0.05
0.00013503237,-90.56108,-1000.0,0.05
7.23741e-05,-90.68301,-1000.0,0.05
8.811128e-05,-90.80327,-1000.0,0.05
0.000102581005,-90.848465,-1000.0,0.05
0.00012770263,-90.936325,-1000.0,0.05
0.00028143235,-90.99674,-1000.0,0.05
0.00018310812,-91.0887,-1000.0,0.05
0.00022900847,-91.20185,-1000.0,0.05
6.6626395e-05,-91.278,-1000.0,0.05
5.346475e-05,-91.322876,-1000.0,0.05
7.060759e-05,-91.42448,-1000.0,0.05
2.4084831e-05,-91.50496,-1000.0,0.05
0.00014143024,-91.569885,-1000.0,0.05
4.01156e-05,-91.64145,-1000.0,0.05
0.00031512574,-91.67492,-1000.0,0.05
3.0208563e-05,-91.76039,-1000.0,0.05
6.302158e-05,-91.846,-1000.0,0.05
0.00011360664,-91.917274,-1000.0,0.05
7.409861e-05,-92.00874,-1000.0,0.05
2.7379832e-05,-92.05476,-1000.0,0.05
4.1484294e-05,-92.12555,-1000.0,0.05
4.8323902e-05,-92.19629,-1000.0,0.05
2.6210007e-05,-92.29947,-1000.0,0.05
9.9028344e-05,-92.381516,-1000.0,0.05
9.656963e-05,-92.450226,-1000.0,0.05
0.00014795248,-92.52446,-1000.0,0.05
8.1775215e-05,-92.61372,-1000.0,0.05
4.3212847e-05,-92.69897,-1000.0,0.05
0.00010427081,-92.73639,-1000.0,0.05
4.979234e-05,-92.8404,-1000.0,0.05
7.941876e-05,-92.915955,-1000.0,0.05
0.00012851346,-92.972374,-1000.0,0.05
0.00026135612,-92.98365,-1000.0,0.05
9.22619e-05,-93.09888,-1000.0,0.05
0.00011265155,-93.17396,-1000.0,0.05
3.2641226e-05,-93.214005,-1000.0,0.05
6.4096515e-05,-93.25333,-1000.0,0.05
8.6603046e-05,-93.32231,-1000.0,0.05
4.2146832e-05,-93.38741,-1000.0,0.05
3.5946254e-05,-93.41971,-1000.0,0.05
9.03542e-05,-93.49039,-1000.0,0.05
7.1582435e-05,-93.55171,-1000.0,0.05
6.449502e-05,-93.58026,-1000.0,0.05
3.595563e-05,-93.64389,-1000.0,0.05
4.3680582e-05,-93.69176,-1000.0,0.05
0.000122020225,-93.77225,-1000.0,0.05
4.4287037e-05,-93.84386,-1000.0,0.05
4.396432e-05,-93.8866,-1000.0,0.05
0.00027452796,-93.925095,-1000.0,0.05
1.2438548e-05,-93.984634,-1000.0,0.05
3.8170172e-05,-94.04362,-1000.0,0.05
0.0001192488,-94.10048,-1000.0,0.05
7.5921234e-05,-94.16899,-1000.0,0.05
0.000107441454,-94.17977,-1000.0,0.05
0.00022491736,-94.2731,-1000.0,0.05
0.00011181672,-94.32308,-1000.0,0.05
0.00014508009,-94.365295,-1000.0,0.05
9.973559e-05,-94.40973,-1000.0,0.05
5.1257455e-05,-94.461914,-1000.0,0.05
2.7037562e-05,-94.472946,-1000.0,0.05
6.4289605e-05,-94.56833,-1000.0,0.05
0.00025903457,-94.60502,-1000.0,0.05
0.000380003,-94.64807,-1000.0,0.05
0.00020088442,-94.679016,-1000.0,0.05
0.00029648936,-94.744385,-1000.0,0.05
0.0006180902,-94.752975,-1000.0,0.05
0.00061390083,-94.82628,-1000.0,0.05
0.00040211863,-94.854126,-1000.0,0.05
0.0017050205,-94.90224,-1000.0,0.05
0.0004965865,-94.89185,-1000.0,0.05
0.004139556,-94.94742,-1000.0,0.05
0.00086847076,-94.95727,-1000.0,0.05
0.0006824718,-95.01174,-1000.0,0.05
0.00052292226,-95.03456,-1000.0,0.05
0.0002123646,-95.08133,-1000.0,0.05
0.0007072424,-95.05701,-1000.0,0.05
0.0024214266,-95.183655,-1000.0,0.05
0.0004740723,-95.14049,-1000.0,0.05
0.00020091754,-95.17014,-1000.0,0.05
0.001630367,-95.2503,-1000.0,0.05
0.00018677663,-95.272675,-1000.0,0.05
0.00047501727,-95.27721,-1000.0,0.05
0.0006431969,-95.36551,-1000.0,0.05
0.00033897944,-95.404564,-1000.0,0.05
0.00022123345,-95.401344,-1000.0,0.05
9.4716175e-05,-95.38985,-1000.0,0.05
0.00020440192,-95.453445,-1000.0,0.05
0.00013218197,-95.4976,-1000.0,0.05
0.00013213261,-95.5231,-1000.0,0.05
7.069494e-05,-95.569336,-1000.0,0.05
0.00025495852,-95.56979,-1000.0,0.05
6.495979e-05,-95.60969,-1000.0,0.05
8.2441285e-05,-95.654434,-1000.0,0.05
2.279086e-05,-95.70807,-1000.0,0.05
6.0718397e-05,-95.741684,-1000.0,0.05
5.095354e-05,-95.78116,-1000.0,0.05
0.00014306008,-95.836975,-1000.0,0.05
8.4180894e-05,-95.86551,-1000.0,0.05
9.744172e-05,-95.93335,-1000.0,0.05
0.0005204049,-95.95071,-1000.0,0.05
0.00013693122,-95.99779,-1000.0,0.05
0.00015903878,-95.999664,-1000.0,0.05
0.0004208825,-96.031296,-1000.0,0.05
0.00019262319,-96.07485,-1000.0,0.05
0.00040488224,-96.088104,-1000.0,0.05
0.00052593974,-96.06471,-1000.0,0.05
0.00017369186,-96.154594,-1000.0,0.05
0.00014818276,-96.17917,-1000.0,0.05
0.8972868,-95.75281,-1000.0,0.05
0.07646702,-95.21214,-1000.0,0.05
0.56890243,-94.72389,-1000.0,0.05
0.050479125,-95.32063,-1000.0,0.05
0.02420336,-95.15049,-1000.0,0.05
0.17042702,-93.40988,-1000.0,0.05
0.058355115,-93.3468,-1000.0,0.05
0.5794771,-93.2558,-1000.0,0.05
0.33067733,-93.92275,-1000.0,0.05
0.14773387,-93.96692,-1000.0,0.05
0.3272986,-94.79491,-1000.0,0.05
0.10584963,-92.57618,-1000.0,0.05
0.25999197,-94.071594,-1000.0,0.05
0.30235094,-93.604225,-1000.0,0.05
0.21641532,-91.67549,-1000.0,0.05
0.21533863,-90.42471,-1000.0,0.05
0.10108096,-92.583725,-1000.0,0.05
0.23899616,-92.26849,-1000.0,0.05
0.14428215,-93.51056,-1000.0,0.05
0.18139309,-91.29439,-1000.0,0.05
0.09613897,-93.03491,-1000.0,0.05
0.23773986,-93.510376,-1000.0,0.05
0.12223274,-93.31312,-1000.0,0.05
0.1191113,-94.41855,-1000.0,0.05
0.11709231,-93.52512,-1000.0,0.05
0.110623315,-93.47145,-1000.0,0.05
0.09659827,-92.31282,-1000.0,0.05
0.066990614,-92.60419,-1000.0,0.05
0.37105116,-94.18615,-1000.0,0.05
0.26213416,-93.51901,-1000.0,0.05
0.05822713,-93.78029,-1000.0,0.05
0.042906873,-93.28419,-1000.0,0.05
0.030866437,-94.15016,-1000.0,0.05
0.01895285,-93.85945,-1000.0,0.05
0.028436575,-93.668816,-1000.0,0.05
0.06304789,-93.57437,-1000.0,0.05
0.033786,-92.075935,-1000.0,0.05
0.023890331,-92.97133,-1000.0,0.05
0.024024827,-93.262054,-1000.0,0.05
0.08826615,-93.30535,-1000.0,0.05
0.0143835135,-93.68201,-1000.0,0.05
0.014698635,-93.51639,-1000.0,0.05
0.014866121,-93.096115,-1000.0,0.05
0.022593021,-93.16769,-1000.0,0.05
0.013427743,-93.45044,-1000.0,0.05
0.017277693,-92.3447,-1000.0,0.05
0.02551511,-94.29157,-1000.0,0.05
0.024173636,-93.10405,-1000.0,0.05
0.013624402,-94.091644,-1000.0,0.05
0.07036922,-93.04144,-1000.0,0.05
0.041471127,-93.605064,-1000.0,0.05
0.013496869,-94.14773,-1000.0,0.05
0.017511807,-93.64087,-1000.0,0.05
0.0153461285,-93.90452,-1000.0,0.05
0.008877592,-94.41704,-1000.0,0.05
0.010424666,-93.71633,-1000.0,0.05
0.008430103,-94.07307,-1000.0,0.05
0.016013095,-94.94111,-1000.0,0.05
0.017659247,-93.98242,-1000.0,0.05
0.010237295,-95.09889,-1000.0,0.05
0.049425606,-94.411995,-1000.0,0.05
0.04039276,-94.54501,-1000.0,0.05
0.010048492,-94.53569,-1000.0,0.05
0.052055635,-93.92976,-1000.0,0.05
0.19771901,-94.50036,-1000.0,0.05
0.0064573344,-94.54282,-1000.0,0.05
0.013653901,-93.894806,-1000.0,0.05
0.095863,-94.16005,-1000.0,0.05
0.01834317,-94.10323,-1000.0,0.05
0.11241351,-93.821915,-1000.0,0.05
0.011066021,-94.106346,-1000.0,0.05
0.003948978,-94.114944,-1000.0,0.05
0.0039340835,-94.72624,-1000.0,0.05
0.005236268,-94.03641,-1000.0,0.05
0.0065883007,-94.43973,-1000.0,0.05
0.02547289,-94.357056,-1000.0,0.05
0.01501974,-94.873634,-1000.0,0.05
0.0041379533,-94.12507,-1000.0,0.05
0.019012783,-94.76219,-1000.0,0.05
0.021743067,-94.061745,-1000.0,0.05
0.015812853,-94.4996,-1000.0,0.05
0.004022978,-94.59439,-1000.0,0.05
0.048353884,-94.43994,-1000.0,0.05
0.006672099,-94.443535,-1000.0,0.05
0.08607195,-94.56453,-1000.0,0.05
0.003459813,-94.70676,-1000.0,0.05
0.028466761,-94.49426,-1000.0,0.05
0.0053333845,-94.677315,-1000.0,0.05
0.003867278,-94.942444,-1000.0,0.05
0.008644825,-94.44174,-1000.0,0.05
0.045385085,-94.5184,-1000.0,0.05
0.0041279234,-94.82753,-1000.0,0.05
0.003057159,-94.33673,-1000.0,0.05
0.0038066027,-94.6382,-1000.0,0.05
0.0028939229,-94.584,-1000.0,0.05
0.039577153,-94.74298,-1000.0,0.05
0.0015304951,-94.372925,-1000.0,0.05
0.00580908,-94.57968,-1000.0,0.05
0.009013849,-94.69108,-1000.0,0.05
0.0019021063,-94.555336,-1000.0,0.05
0.0021681096,-95.02252,-1000.0,0.05
0.0042676786,-95.11303,-1000.0,0.05
0.022796405,-94.95143,-1000.0,0.05
0.007254743,-95.03243,-1000.0,0.05
0.002805885,-94.98537,-1000.0,0.05
0.0022444923,-95.00597,-1000.0,0.05
0.00091859524,-94.968,-1000.0,0.05
0.0018115124,-95.35832,-1000.0,0.05
0.013038589,-95.27238,-1000.0,0.05
0.0026897953,-95.32199,-1000.0,0.05
0.0038574284,-95.22278,-1000.0,0.05
0.01398834,-95.289795,-1000.0,0.05
0.0022330869,-94.880486,-1000.0,0.05
0.0043695783,-94.51282,-1000.0,0.05
0.004313892,-95.48773,-1000.0,0.05
0.0043608244,-95.26718,-1000.0,0.05
0.00085027213,-95.63228,-1000.0,0.05
0.0032923738,-95.33296,-1000.0,0.05
0.021012804,-95.56386,-1000.0,0.05
0.016139539,-95.27476,-1000.0,0.05
0.016403235,-95.23169,-1000.0,0.05
0.0056250584,-95.07985,-1000.0,0.05
0.0018175631,-95.38344,-1000.0,0.05
0.005052488,-95.56905,-1000.0,0.05
0.0026956943,-95.37073,-1000.0,0.05
0.010472603,-95.39165,-1000.0,0.05
0.008903664,-95.59705,-1000.0,0.05
0.0019603183,-95.494125,-1000.0,0.05
0.013581745,-95.25328,-1000.0,0.05
0.013580303,-95.36039,-1000.0,0.05
0.05013601,-95.270386,-1000.0,0.05
0.010648752,-95.56734,-1000.0,0.05
0.004139309,-95.61783,-1000.0,0.05
0.00789718,-95.44001,-1000.0,0.05
0.0036719223,-95.97309,-1000.0,0.05
0.004119402,-95.56756,-1000.0,0.05
0.01290499,-96.021805,-1000.0,0.05
0.01681349,-95.634544,-1000.0,0.05
0.006369546,-95.683495,-1000.0,0.05
0.021798555,-95.84196,-1000.0,0.05
0.018300958,-95.86322,-1000.0,0.05
0.006199954,-95.7159,-1000.0,0.05
0.011140535,-96.009026,-1000.0,0.05
0.007055487,-95.95699,-1000.0,0.05
0.0073865503,-95.55576,-1000.0,0.05
0.0030014338,-95.89202,-1000.0,0.05
0.0036476706,-95.5047,-1000.0,0.05
0.0026666084,-95.18266,-1000.0,0.05
0.0024246087,-95.66958,-1000.0,0.05
0.0030976161,-95.382355,-1000.0,0.05
0.022717122,-95.604706,-1000.0,0.05
0.006832013,-95.41053,-1000.0,0.05
0.003308279,-95.34738,-1000.0,0.05
0.0034977053,-95.46678,-1000.0,0.05
0.004971308,-95.285965,-1000.0,0.05
0.004696899,-95.31659,-1000.0,0.05
0.0030690315,-95.57569,-1000.0,0.05
0.001645682,-95.33125,-1000.0,0.05
0.004403708,-95.2365,-1000.0,0.05
0.0032398826,-94.939224,-1000.0,0.05
0.002644183,-95.594025,-1000.0,0.05
0.0036010458,-95.25103,-1000.0,0.05
0.0021881354,-95.109566,-1000.0,0.05
0.0059833387,-95.45192,-1000.0,0.05
0.0036270479,-95.41997,-1000.0,0.05
0.0036046328,-95.54347,-1000.0,0.05
0.0031434963,-95.464355,-1000.0,0.05
0.0017708228,-95.00767,-1000.0,0.05
0.0028336681,-95.63518,-1000.0,0.05
0.0012613505,-95.5437,-1000.0,0.05
0.0041294415,-95.24022,-1000.0,0.05
0.0020463208,-95.11903,-1000.0,0.05
0.0014042687,-95.53447,-1000.0,0.05
0.0010235514,-95.28657,-1000.0,0.05
0.0011027753,-95.19151,-1000.0,0.05
0.00079825404,-95.405,-1000.0,0.05
0.000640152,-95.1909,-1000.0,0.05
0.00056888064,-95.535904,-1000.0,0.05
0.0004179795,-95.38724,-1000.0,0.05
0.00042918266,-95.41728,-1000.0,0.05
0.0012478458,-95.361496,-1000.0,0.05
0.00043155285,-95.56549,-1000.0,0.05
0.0004930791,-95.53734,-1000.0,0.05
0.00096837897,-95.58371,-1000.0,0.05
0.00016629366,-95.72648,-1000.0,0.05
3.3816403e-05,-95.64955,-1000.0,0.05
1.1753047e-05,-95.69664,-1000.0,0.05
0.00015171821,-95.78212,-1000.0,0.05
0.00016006784,-95.76904,-1000.0,0.05
0.00040484028,-95.825836,-1000.0,0.05
0.00023344075,-95.89928,-1000.0,0.05
0.000359034,-95.83139,-1000.0,0.05
0.00026154504,-95.98311,-1000.0,0.05
0.0003762719,-95.90071,-1000.0,0.05
0.0004524992,-95.96802,-1000.0,0.05
0.0003773445,-96.07321,-1000.0,0.05
0.0003106007,-96.12873,-1000.0,0.05
0.0007794959,-96.17384,-1000.0,0.05
0.00035998435,-96.30134,-1000.0,0.05
0.0006809383,-96.15074,-1000.0,0.05
0.00089112564,-96.43089,-1000.0,0.05
0.0006079116,-96.32972,-1000.0,0.05
0.0010968512,-96.236984,-1000.0,0.05
0.00016815928,-96.340225,-1000.0,0.05
0.00040547852,-96.29651,-1000.0,0.05
0.00031219193,-96.285545,-1000.0,0.05
0.00043390488,-96.39507,-1000.0,0.05
0.00027406623,-96.4653,-1000.0,0.05
0.0010363061,-96.45642,-1000.0,0.05
0.00032244643,-96.41282,-1000.0,0.05
0.00020010077,-96.43645,-1000.0,0.05
0.0007655743,-96.36819,-1000.0,0.05
0.0012496966,-96.4799,-1000.0,0.05
0.00037198066,-96.571045,-1000.0,0.05
0.00060826004,-96.53531,-1000.0,0.05
0.0004562775,-96.564514,-1000.0,0.05
0.001171567,-96.672424,-1000.0,0.05
0.00032094022,-96.57751,-1000.0,0.05
0.0005856566,-96.66417,-1000.0,0.05
0.00016960526,-96.64981,-1000.0,0.05
0.00044872938,-96.72751,-1000.0,0.05
0.00027011993,-96.789375,-1000.0,0.05
0.00087075355,-96.70975,-1000.0,0.05
0.00062027114,-96.72746,-1000.0,0.05
0.00057417084,-96.65021,-1000.0,0.05
0.0007304884,-96.66676,-1000.0,0.05
0.00019481659,-96.58532,-1000.0,0.05
0.0006310642,-96.62264,-1000.0,0.05
0.00048964436,-96.711624,-1000.0,0.05
0.0006024664,-96.69826,-1000.0,0.05
0.00032818562,-96.61897,-1000.0,0.05
0.0004940371,-96.66724,-1000.0,0.05
0.00019143868,-96.58641,-1000.0,0.05
0.00055189995,-96.626495,-1000.0,0.05
0.00029326783,-96.630875,-1000.0,0.05
0.0005385061,-96.65001,-1000.0,0.05
0.0031022944,-96.53015,-1000.0,0.05
0.0002551698,-96.61531,-1000.0,0.05
0.00043806736,-96.550415,-1000.0,0.05
0.00018852364,-96.47392,-1000.0,0.05
0.00022309725,-96.412704,-1000.0,0.05
0.00016236068,-96.468,-1000.0,0.05
0.0004340589,-96.364105,-1000.0,0.05
0.00034548718,-96.56341,-1000.0,0.05
0.0004437126,-96.446686,-1000.0,0.05
0.00018240794,-96.52404,-1000.0,0.05
0.00043364242,-96.3485,-1000.0,0.05
0.00027628476,-96.23534,-1000.0,0.05
0.0005176161,-96.26558,-1000.0,0.05
0.00026549885,-96.35744,-1000.0,0.05
0.00032193973,-96.321594,-1000.0,0.05
0.00032160996,-96.37876,-1000.0,0.05
0.00019652752,-96.45163,-1000.0,0.05
0.00030753593,-96.33765,-1000.0,0.05
0.00048343762,-96.4261,-1000.0,0.05
0.00020769742,-96.39817,-1000.0,0.05
0.0001330105,-96.3302,-1000.0,0.05
0.0001273878,-96.357346,-1000.0,0.05
0.00020297628,-96.45451,-1000.0,0.05
0.00016935627,-96.54826,-1000.0,0.05
0.000121392695,-96.580666,-1000.0,0.05
0.0002950478,-96.46193,-1000.0,0.05
2.2924167e-05,-96.55409,-1000.0,0.05
0.00026269397,-96.56958,-1000.0,0.05
0.00015145454,-96.5416,-1000.0,0.05
0.00028590404,-96.625725,-1000.0,0.05
9.816037e-05,-96.680984,-1000.0,0.05
7.567997e-05,-96.74805,-1000.0,0.05
3.633593e-05,-96.68257,-1000.0,0.05
0.0003186667,-96.61918,-1000.0,0.05
2.9997978e-05,-96.806946,-1000.0,0.05
0.00012652692,-96.75406,-1000.0,0.05
0.00016156913,-96.8194,-1000.0,0.05
7.066573e-05,-96.85687,-1000.0,0.05
0.000291512,-96.77175,-1000.0,0.05
8.769958e-05,-96.82917,-1000.0,0.05
0.0006561499,-96.860596,-1000.0,0.05
0.00021816221,-96.95036,-1000.0,0.05
7.6990094e-05,-96.96097,-1000.0,0.05
8.791304e-05,-96.91197,-1000.0,0.05
2.8845827e-05,-97.01124,-1000.0,0.05
5.6375568e-05,-96.991196,-1000.0,0.05
9.6761854e-05,-96.93425,-1000.0,0.05
0.000107452215,-97.00676,-1000.0,0.05
0.00025016698,-97.02137,-1000.0,0.05
0.00022679468,-97.082275,-1000.0,0.05
0.00014571282,-97.006096,-1000.0,0.05
3.7556405e-05,-97.01022,-1000.0,0.05
0.00034226273,-96.98453,-1000.0,0.05
7.4814874e-05,-96.91737,-1000.0,0.05
0.00011706231,-96.9808,-1000.0,0.05
0.00012756285,-97.000565,-1000.0,0.05
5.3103216e-05,-96.965355,-1000.0,0.05
6.34836e-05,-96.92178,-1000.0,0.05
5.183809e-05,-96.93843,-1000.0,0.05
0.00017591944,-96.952225,-1000.0,0.05
0.0002507155,-96.88406,-1000.0,0.05
0.0001850167,-96.849434,-1000.0,0.05
5.260361e-05,-96.90823,-1000.0,0.05
0.00021883844,-96.91122,-1000.0,0.05
0.00079323916,-96.87538,-1000.0,0.05
8.4482075e-05,-96.87093,-1000.0,0.05
5.758786e-05,-96.92887,-1000.0,0.05
0.00012762085,-96.91285,-1000.0,0.05
3.1448522e-05,-96.96854,-1000.0,0.05
0.00022219264,-96.99528,-1000.0,0.05
0.00014530681,-97.0226,-1000.0,0.05
0.00011706447,-96.9953,-1000.0,0.05
0.00038079201,-96.991516,-1000.0,0.05
5.3021755e-05,-97.10956,-1000.0,0.05
7.007949e-05,-97.00349,-1000.0,0.05
2.3973276e-05,-97.128006,-1000.0,0.05
9.174996e-05,-97.10084,-1000.0,0.05
8.895747e-05,-97.09896,-1000.0,0.05
5.878557e-05,-97.182495,-1000.0,0.05
1.8777568e-05,-97.197815,-1000.0,0.05
8.028577e-05,-97.18256,-1000.0,0.05
0.00020137087,-97.256546,-1000.0,0.05
4.4909404e-05,-97.23626,-1000.0,0.05
4.5537512e-05,-97.27905,-1000.0,0.05
6.1055616e-05,-97.290924,-1000.0,0.05
3.888291e-05,-97.33185,-1000.0,0.05
9.404789e-05,-97.345474,-1000.0,0.05
0.00010097051,-97.437485,-1000.0,0.05
7.496175e-05,-97.47006,-1000.0,0.05
0.00026009436,-97.39019,-1000.0,0.05
0.00013086607,-97.447815,-1000.0,0.05
0.00012645268,-97.47154,-1000.0,0.05
7.418575e-05,-97.44007,-1000.0,0.05
3.7631507e-05,-97.46104,-1000.0,0.05
0.00017568737,-97.429596,-1000.0,0.05
0.00017737655,-97.51411,-1000.0,0.05
0.0001927093,-97.569046,-1000.0,0.05
4.1301762e-05,-97.47994,-1000.0,0.05
1.6485188e-05,-97.60529,-1000.0,0.05
0.0003393352,-97.600746,-1000.0,0.05
7.474131e-05,-97.58501,-1000.0,0.05
0.00029164448,-97.61223,-1000.0,0.05
0.00016394077,-97.67268,-1000.0,0.05
0.00025927683,-97.60029,-1000.0,0.05
6.555968e-05,-97.63246,-1000.0,0.05
9.067453e-05,-97.65735,-1000.0,0.05
0.00010302717,-97.672485,-1000.0,0.05
0.0002957065,-97.64267,-1000.0,0.05
0.00015090607,-97.74017,-1000.0,0.05
8.7007356e-05,-97.70193,-1000.0,0.05
0.00029592053,-97.67787,-1000.0,0.05
0.00022903792,-97.71593,-1000.0,0.05
7.9295496e-05,-97.74718,-1000.0,0.05
6.8381225e-05,-97.7699,-1000.0,0.05
0.0001256336,-97.77351,-1000.0,0.05
0.00014170335,-97.794495,-1000.0,0.05
0.00013349035,-97.778404,-1000.0,0.05
0.00086550484,-97.79888,-1000.0,0.05
5.133051e-05,-97.84728,-1000.0,0.05
5.1022216e-05,-97.8288,-1000.0,0.05
0.0001474008,-97.85072,-1000.0,0.05
6.8967245e-05,-97.88521,-1000.0,0.05
0.00023732407,-97.915375,-1000.0,0.05
4.6900954e-05,-97.90757,-1000.0,0.05
4.369357e-05,-97.937996,-1000.0,0.05
5.7820842e-05,-97.947914,-1000.0,0.05
0.00011567195,-97.986015,-1000.0,0.05
0.000119701675,-97.99477,-1000.0,0.05
9.731231e-05,-98.023056,-1000.0,0.05
4.9597136e-05,-98.008545,-1000.0,0.05
4.553636e-05,-98.030014,-1000.0,0.05
8.7292385e-05,-98.045685,-1000.0,0.05
4.5537883e-05,-98.06108,-1000.0,0.05
6.0402584e-05,-98.06345,-1000.0,0.05
6.576179e-05,-98.074814,-1000.0,0.05
0.00013259571,-98.10481,-1000.0,0.05
0.0001266551,-98.0925,-1000.0,0.05
4.6920784e-05,-98.12895,-1000.0,0.05
8.799281e-05,-98.132904,-1000.0,0.05
0.00012329164,-98.13352,-1000.0,0.05
0.0004004957,-98.17719,-1000.0,0.05
5.8601967e-05,-98.1438,-1000.0,0.05
0.00090841175,-98.205124,-1000.0,0.05
0.00028047033,-98.15357,-1000.0,0.05
0.00024615446,-98.14062,-1000.0,0.05
0.0004959684,-98.15663,-1000.0,0.05
0.000988533,-98.16171,-1000.0,0.05
0.00035638717,-98.20321,-1000.0,0.05
0.0002582152,-98.20047,-1000.0,0.05
0.0008039768,-98.17727,-1000.0,0.05
0.0017030244,-98.19191,-1000.0,0.05
0.0009808576,-98.07302,-1000.0,0.05
0.009163658,-97.992935,-1000.0,0.05
0.00023787191,-98.05025,-1000.0,0.05
0.0009983619,-98.09196,-1000.0,0.05
0.0008497493,-98.05082,-1000.0,0.05
0.0007510799,-98.0524,-1000.0,0.05
0.07039299,-97.92906,-1000.0,0.05
0.08774276,-97.42953,-1000.0,0.05
0.022001607,-97.44396,-1000.0,0.05
0.049768012,-97.16856,-1000.0,0.05
1.1803082,-96.42276,-1000.0,0.05
0.022103189,-96.77011,-1000.0,0.05
0.33304608,-96.46299,-1000.0,0.05
0.14175701,-96.744064,-1000.0,0.05
0.03811203,-95.39396,-1000.0,0.05
0.01730084,-96.54892,-1000.0,0.05
0.024712374,-94.98801,-1000.0,0.05
0.24916586,-95.866196,-1000.0,0.05
0.028025193,-96.59484,-1000.0,0.05
0.1344074,-95.818375,-1000.0,0.05
0.12682238,-96.23659,-1000.0,0.05
0.07626563,-95.39621,-1000.0,0.05
0.12879452,-95.18025,-1000.0,0.05
0.027762005,-95.91419,-1000.0,0.05
0.05926841,-94.82997,-1000.0,0.05
0.041581713,-94.94707,-1000.0,0.05
0.04039675,-94.54104,-1000.0,0.05
0.019738596,-95.47001,-1000.0,0.05
0.036418278,-95.07071,-1000.0,0.05
0.028046025,-95.536316,-1000.0,0.05
0.40645587,-94.0683,-1000.0,0.05
0.034084827,-93.909775,-1000.0,0.05
0.040861048,-94.2711,-1000.0,0.05
0.06588773,-92.74587,-1000.0,0.05
0.15894349,-94.1983,-1000.0,0.05
0.14769445,-94.3298,-1000.0,0.05
0.048032425,-94.0887,-1000.0,0.05
0.03371684,-94.79538,-1000.0,0.05
0.037355218,-92.539566,-1000.0,0.05
0.10476875,-94.47009,-1000.0,0.05
0.037494514,-93.68056,-1000.0,0.05
0.033440173,-94.495255,-1000.0,0.05
0.04522482,-93.59942,-1000.0,0.05
0.037704498,-93.72775,-1000.0,0.05
0.028516931,-94.20587,-1000.0,0.05
0.09581294,-93.63722,-1000.0,0.05
0.02162317,-93.6845,-1000.0,0.05
0.11514631,-94.6481,-1000.0,0.05
0.12588403,-95.17432,-1000.0,0.05
0.031135978,-93.88542,-1000.0,0.05
0.017624253,-93.50537,-1000.0,0.05
0.027181622,-94.684265,-1000.0,0.05
0.08121255,-94.3978,-1000.0,0.05
0.01099469,-93.431,-1000.0,0.05
0.017762031,-94.5317,-1000.0,0.05
0.008766977,-93.26982,-1000.0,0.05
0.017847972,-93.687836,-1000.0,0.05
0.00811108,-93.66594,-1000.0,0.05
0.013348431,-94.36904,-1000.0,0.05
0.017287634,-93.23886,-1000.0,0.05
0.008626105,-94.79005,-1000.0,0.05
0.018222835,-94.60101,-1000.0,0.05
0.4157272,-94.74666,-1000.0,0.05
0.0046437643,-94.842804,-1000.0,0.05
0.033154797,-94.24553,-955.2,0.05
196.1741,-93.51794,-992.1,0.05
0.018359965,-94.82932,-807.6,0.05
0.012015632,-94.42374,-1000.0,0.05
0.036225718,-94.82851,-1000.0,0.05
0.19338809,-94.29694,-1000.0,0.05
0.123961896,-94.08534,-643.8,0.05
0.06064,-94.15579,-1000.0,0.05
0.041367028,-94.524475,-1000.0,0.05
0.09998016,-93.77893,-1000.0,0.05
0.014003303,-94.194405,-1000.0,0.05
0.24635574,-93.52844,-1000.0,0.05
0.17882076,-93.59015,-1000.0,0.05
0.025948644,-94.69133,-1000.0,0.05
0.012202004,-93.55682,-1000.0,0.05
0.024978708,-93.73616,-1000.0,0.05
0.014231095,-93.11002,-1000.0,0.05
0.01289436,-93.240036,-1000.0,0.05
0.24886432,-93.98312,-1000.0,0.05
0.014974079,-93.85686,-1000.0,0.05
0.0751563,-93.90075,-1000.0,0.05
0.025731869,-93.7642,-1000.0,0.05
0.025536226,-93.82338,-1000.0,0.05
0.08541393,-93.94949,-1000.0,0.05
0.012183126,-93.94365,-1000.0,0.05
0.0027310906,-94.43239,-1000.0,0.05
0.07237178,-93.69235,-1000.0,0.05
0.013393548,-94.0954,-1000.0,0.05
0.009549722,-93.58539,-1000.0,0.05
0.006139422,-93.74135,-1000.0,0.05
0.0036552572,-94.622246,-1000.0,0.05
0.0056999708,-93.994446,-1000.0,0.05
0.026329946,-94.03352,-1000.0,0.05
0.026132364,-94.68619,-1000.0,0.05
0.0042186272,-94.43431,-1000.0,0.05
0.047349,-94.47673,-1000.0,0.05
0.007180992,-94.02682,-1000.0,0.05
0.017071422,-94.13949,-1000.0,0.05
0.035059266,-94.458374,-1000.0,0.05
0.038330663,-94.499054,-1000.0,0.05
0.021116719,-94.35907,-1000.0,0.05
0.009409453,-94.40121,-1000.0,0.05
0.01189058,-94.21189,-1000.0,0.05
0.011555029,-94.36893,-1000.0,0.05
0.020716451,-94.35801,-1000.0,0.05
0.029753976,-94.553734,-1000.0,0.05
0.017636836,-94.25099,-1000.0,0.05
0.034134164,-94.872574,-1000.0,0.05
0.009565265,-94.53879,-1000.0,0.05
0.0076426025,-95.09044,-1000.0,0.05
0.0071897856,-94.60452,-1000.0,0.05
0.026628911,-94.09407,-1000.0,0.05
0.008263493,-94.87248,-1000.0,0.05
0.009212064,-94.99729,-1000.0,0.05
0.09961367,-94.78455,-1000.0,0.05
0.015502023,-95.10043,-1000.0,0.05
0.038497366,-95.0183,-1000.0,0.05
0.024696168,-94.63732,-1000.0,0.05
0.014775207,-94.94752,-1000.0,0.05
0.011444559,-95.175674,-1000.0,0.05
0.07553052,-94.72745,-1000.0,0.05
0.02795655,-94.75021,-1000.0,0.05
0.027241372,-94.46831,-1000.0,0.05
0.019451685,-94.949196,-1000.0,0.05
0.01830357,-94.743614,-1000.0,0.05
0.038988747,-94.7943,-1000.0,0.05
0.016688615,-94.61885,-1000.0,0.05
0.017553676,-94.29349,-1000.0,0.05
0.020299835,-94.41046,-1000.0,0.05
0.013414157,-94.466034,-1000.0,0.05
0.024290033,-94.875565,-1000.0,0.05
0.1134058,-94.09775,-1000.0,0.05
0.0376582,-94.36716,-1000.0,0.05
0.05579851,-93.72432,-1000.0,0.05
0.07680997,-93.775604,-1000.0,0.05
0.03063451,-93.320305,-1000.0,0.05
0.013547458,-93.49545,-1000.0,0.05
0.06487068,-93.895065,-1000.0,0.05
0.06282567,-93.592804,-1000.0,0.05
0.018527841,-93.430405,-1000.0,0.05
0.043401048,-93.834724,-1000.0,0.05
0.22174063,-93.58986,-1000.0,0.05
0.11476864,-93.24015,-1000.0,0.05
0.016197616,-92.829575,-960.6,0.05
0.15292704,-93.26201,-1000.0,0.05
188.11183,-93.66534,-918.5,0.05
0.034705386,-93.4762,-538.2,0.05
0.0687259,-93.35537,-1000.0,0.05
0.07676162,-93.256004,-1000.0,0.05
0.21123978,-93.094604,-1000.0,0.05
0.08980471,-93.48424,-936.8,0.05
0.041293338,-93.030014,-860.0,0.05
0.09549999,-93.39157,-701.2,0.05
0.07996974,-93.01152,-623.9,0.05
0.029701838,-92.92441,-1000.0,0.05
0.029398074,-92.032135,-1000.0,0.05
0.017498057,-92.97213,-1000.0,0.05
0.0036734438,-94.02993,-1000.0,0.05
0.040519454,-93.747925,-1000.0,0.05
0.022068232,-92.97882,-1000.0,0.05
0.013267872,-93.50649,-814.8,0.05
0.022388123,-93.07983,-1000.0,0.05
0.04089494,-93.40903,-1000.0,0.05
0.049898382,-92.687965,-543.7,0.05
0.09532077,-93.83617,-936.1,0.05
0.101330586,-93.87424,-456.4,0.05
0.04106943,-92.51765,-438.8,0.05
0.010677747,-94.055595,-545.5,0.05
0.1863697,-93.07817,-980.4,0.05
0.024916712,-92.68,-951.5,0.05
0.028073274,-93.83673,-666.7,0.05
0.017797425,-94.15134,-967.3,0.05
0.031862076,-94.43144,-769.4,0.05
0.121055305,-93.525246,-1000.0,0.05
0.14809193,-91.87908,-1000.0,0.05
0.2777829,-93.350006,-1000.0,0.05
0.19937316,-94.55025,-1000.0,0.05
0.09394803,-91.72965,-1000.0,0.05
0.106212914,-91.44405,-967.5,0.05
0.08821988,-92.61378,-1000.0,0.05
0.14142847,-92.7487,-1000.0,0.05
0.38438487,-92.4023,-1000.0,0.05
0.13858238,-91.431656,-1000.0,0.05
0.20070091,-91.66272,-1000.0,0.05
0.14131992,-92.18274,-1000.0,0.05
0.09072068,-91.789505,-759.5,0.05
0.04460064,-92.66652,-1000.0,0.05
0.108716816,-91.98059,-348.7,0.05
0.13022861,-91.508514,-1000.0,0.05
0.16503143,-92.14535,-1000.0,0.05
0.09271758,-90.21034,-1000.0,0.05
0.025993068,-92.45762,-1000.0,0.05
0.08420648,-91.458694,-1000.0,0.05
0.058266766,-92.00835,-1000.0,0.05
0.0411748,-92.56463,-1000.0,0.05
0.04942509,-92.44639,-1000.0,0.05
0.081250876,-91.262665,-1000.0,0.05
0.095765814,-90.951996,-1000.0,0.05
0.03672574,-92.260155,-1000.0,0.05
0.10469185,-91.45011,-1000.0,0.05
0.15211555,-92.09737,-943.1,0.05
