0.3057664,0.6672145,9.1,0.9202
0.5342004,1.2912469,9.4,0.9164
0.84383035,1.9710845,9.2,0.9126
2.3226922,2.6253908,9.3,0.9088
2.3321843,3.597455,9.2,0.905
0.90245014,4.6729517,9.3,0.9012
3.5284617,5.6794386,9.4,0.8974
13.449587,8.090286,9.7,0.8936
5.4210653,9.299227,9.9,0.8898
7.068481,11.158555,9.2,0.886
36.251514,11.71466,9.3,0.8822
28.655687,13.458833,9.4,0.8784000000000001
77.61865,15.726202,9.6,0.8746
47.91774,16.646894,9.5,0.8708
61.120872,17.695095,9.2,0.867
26.233242,18.256466,9.6,0.8632
47.02982,20.16621,9.0,0.8594
47.3903,19.87418,9.0,0.8556
19.858736,21.193188,9.5,0.8518
23.421896,21.243729,9.2,0.848
39.499935,22.376041,9.4,0.8442000000000001
4.0139723,22.5173,9.1,0.8404
1.4540272,22.150887,9.3,0.8366
1.6808786,22.11518,9.2,0.8328
23.843744,22.036797,14.4,0.829
22.572102,21.459658,10.9,0.8252
11.136339,21.50377,13.9,0.8214
11.682264,21.40725,19.0,0.8176
17.617668,20.61751,57.9,0.8138000000000001
5.5043592,20.869488,32.8,0.81
7.706988,21.248732,190.8,0.8062
20.692244,21.783852,173.3,0.8024
20.879566,22.587244,89.9,0.7986
16.713825,22.320978,75.1,0.7948000000000001
23.379663,23.40015,205.1,0.791
9.273995,22.370043,231.7,0.7872
5.526078,22.847923,62.5,0.7834
3.7722728,25.11876,83.2,0.7796000000000001
24.271421,24.913057,287.5,0.7758
20.744293,25.707394,224.6,0.772
2.3928149,26.918686,140.0,0.7682
57.33526,26.526228,264.0,0.7644
19.550734,25.17337,314.8,0.7606
1.3575443,29.268805,104.3,0.7568
19.88152,27.43285,268.8,0.753
18.382221,29.222336,339.2,0.7492000000000001
27.048086,31.017605,375.7,0.7454000000000001
46.00477,31.934692,109.9,0.7416
1.2315688,32.896828,262.1,0.7378
1.7763017,32.772797,176.1,0.734
15.153889,35.398193,192.0,0.7302
2.9159,34.46126,103.7,0.7264
40.511963,35.28092,104.2,0.7226
1.0948584,37.100372,147.7,0.7188000000000001
56.322403,36.524418,393.5,0.7150000000000001
47.428505,37.66531,125.6,0.7112
25.350527,39.104122,127.4,0.7074
14.242834,37.608627,288.7,0.7036
17.871286,37.17373,82.8,0.6998
49.187473,38.962837,279.0,0.696
21.476044,38.46675,228.4,0.6922
1.4279308,41.077766,354.9,0.6884
1.6215955,41.577694,183.3,0.6846000000000001
15.738744,39.343426,386.9,0.6808000000000001
1.756617,43.408943,146.9,0.677
2.0834637,42.36251,186.8,0.6732
2.6121545,43.942448,218.6,0.6694
46.224083,42.847717,229.1,0.6656
26.883522,44.534,314.6,0.6618
2.0214841,47.36005,239.1,0.658
3.3655403,43.768295,213.9,0.6542000000000001
46.559956,45.468178,222.3,0.6504000000000001
2.4488902,47.39876,384.2,0.6466000000000001
12.570196,48.092735,213.2,0.6428
42.29472,48.609238,395.1,0.639
45.26376,49.00824,228.7,0.6352
2.4236903,49.206398,173.3,0.6314
3.5055814,49.61972,397.5,0.6276
1.9800346,50.934677,247.5,0.6238
1.784374,54.799408,366.6,0.6200000000000001
2.173348,52.45022,298.6,0.6162000000000001
1.8625147,53.24048,345.0,0.6124
32.577164,54.4308,233.8,0.6086
1.8125808,53.954445,292.2,0.6048
123.18158,53.68498,172.8,0.601
3.0220554,56.75854,340.8,0.5972000000000001
1.4914479,56.810387,333.2,0.5934
2.2844434,57.26919,340.0,0.5896000000000001
2.6326146,58.28926,397.9,0.5858000000000001
1.062608,57.939888,200.1,0.5820000000000001
0.75802433,59.949383,282.6,0.5782
2.4301898,61.703873,405.7,0.5744
3.71099,59.405354,172.1,0.5706
3.324984,61.05908,523.4,0.5668
2.549177,61.677353,418.0,0.5630000000000001
44.915546,61.983463,503.8,0.5592
2.7597618,62.190376,334.4,0.5554000000000001
2.3384123,64.865776,259.2,0.5516000000000001
67.51892,63.804096,402.6,0.5478000000000001
2.1068745,66.7169,247.9,0.544
2.7268372,66.61051,362.0,0.5402
3.0519004,66.98071,183.8,0.5364
69.623634,66.24033,320.2,0.5326000000000001
266.2743,67.232346,231.1,0.5288
3.1910648,67.29009,211.6,0.525
1.0891343,68.31506,389.2,0.5212000000000001
3.104529,70.080414,258.4,0.5174000000000001
3.1150284,69.8044,424.1,0.5136000000000001
2.2825677,72.688416,301.7,0.5098
2.7783427,71.60406,241.9,0.506
50.97597,70.36159,247.8,0.5022
2.481524,74.063934,291.4,0.49840000000000007
2.5695677,72.363846,260.2,0.49460000000000004
1.9616487,75.65575,350.2,0.4908
125.96812,73.69333,275.4,0.4870000000000001
1.6646253,74.35884,532.5,0.4832000000000001
123.76091,73.653435,318.0,0.47940000000000005
1.9631153,76.62161,329.4,0.4756
2.6274717,76.563034,400.8,0.4718000000000001
3.59271,74.856026,372.1,0.4680000000000001
1.8023025,75.82385,313.1,0.46420000000000006
2.9049592,75.29021,397.7,0.46040000000000003
216.44418,77.89909,447.8,0.4566
2.574616,78.27559,453.4,0.4528000000000001
3.2245564,79.5408,347.1,0.44900000000000007
2.0243542,84.524994,495.8,0.44520000000000004
1.1782321,84.824745,448.3,0.4414
1.6000293,82.54649,445.9,0.4376000000000001
5.0322886,80.255806,546.5,0.4338000000000001
3.7122936,80.10588,647.8,0.43000000000000005
6.6421475,81.95682,483.9,0.4262
2.1917715,83.41989,515.2,0.4224000000000001
5.961911,80.10895,706.3,0.4186000000000001
1.7416949,84.49807,568.1,0.41480000000000006
1.6254963,84.70049,315.4,0.41100000000000003
85.11019,82.716736,523.0,0.4072
568.3053,86.53199,243.7,0.4034000000000001
5.061371,84.94551,474.5,0.39960000000000007
3.9576035,85.971375,254.9,0.39580000000000004
2.502779,85.731476,487.3,0.392
2.6213515,85.81145,277.5,0.3882000000000001
2.1199417,84.97456,520.6,0.3844000000000001
6.9157023,86.239815,703.1,0.38060000000000005
91.07552,85.53816,389.4,0.3768
389.65625,87.94642,386.0,0.3730000000000001
1.8059547,89.08806,311.1,0.3692000000000001
3.4657674,88.67305,598.4,0.36540000000000006
1.534811,89.90369,641.3,0.36160000000000003
4.6445065,90.80798,428.3,0.3578000000000001
6.0162263,90.16606,253.2,0.3540000000000001
2.3590782,89.97328,512.4,0.35020000000000007
1.3706663,90.80516,459.5,0.34640000000000004
1.8062968,91.48591,587.7,0.3426
5.227337,89.59659,265.8,0.3388000000000001
1.5076389,91.597916,569.2,0.3350000000000001
1.5818911,94.45654,369.0,0.33120000000000005
2.614756,94.020905,700.0,0.3274
2.755939,93.83455,385.7,0.3236000000000001
2.2543588,95.02253,376.4,0.3198000000000001
0.9585086,94.54424,812.6,0.31600000000000006
0.8738414,95.90681,329.5,0.31220000000000003
1.2582085,95.433464,368.5,0.3084000000000001
0.92276245,96.15323,389.1,0.3046000000000001
2.4303174,95.51263,545.2,0.30080000000000007
215.98732,95.321205,421.7,0.29700000000000004
1.6908088,97.31518,555.5,0.2932
3.0922403,96.45303,693.3,0.2894000000000001
3.2163591,97.29302,290.1,0.2856000000000001
1.4175081,98.11482,306.1,0.28180000000000005
1.6546526,97.433624,383.8,0.278
1.854217,97.93436,217.8,0.2742000000000001
1.7464982,99.03567,587.1,0.2704000000000001
1.4621851,99.12363,543.3,0.26660000000000006
1.3448443,98.72444,275.1,0.26280000000000003
289.70032,97.75777,730.8,0.2590000000000001
2.4621153,98.07582,285.4,0.2552000000000001
3.8478653,98.81434,224.1,0.25140000000000007
1.682256,100.76451,531.4,0.24760000000000004
2.834744,100.658035,221.9,0.24380000000000013
133.58167,97.80324,395.4,0.2400000000000001
222.48767,99.03922,239.9,0.23620000000000008
0.92940056,98.878525,278.0,0.23240000000000005
0.6845122,100.24269,269.2,0.22860000000000003
1.2191932,96.91935,405.0,0.2248000000000001
1.6575079,99.43851,668.8,0.22100000000000009
1.0686443,101.21078,764.1,0.21720000000000006
2.6728082,99.375786,310.1,0.21340000000000003
1.8925307,99.24394,622.3,0.20960000000000012
2.8435636,97.53674,409.3,0.2058000000000001
2.1864982,99.17035,554.8,0.20200000000000007
1.6714351,99.13426,459.4,0.19820000000000004
1.6225657,102.57295,546.2,0.19440000000000013
1.249055,97.53285,500.4,0.1906000000000001
3.0813012,97.35831,617.8,0.18680000000000008
0.80130875,101.94426,492.5,0.18300000000000005
1.0392487,100.49692,793.7,0.17920000000000014
0.52577376,102.49427,500.9,0.1754000000000001
1.6630287,97.34129,573.9,0.17160000000000009
2.0479062,100.54525,335.0,0.16780000000000006
1.2031972,103.03401,626.7,0.16400000000000003
1.1354114,101.374855,350.2,0.16020000000000012
0.41067728,102.745415,719.6,0.1564000000000001
2.1487174,101.871506,257.1,0.15260000000000007
0.88430107,102.48897,494.6,0.14880000000000004
1.317538,102.81287,377.7,0.14500000000000013
1.2482799,102.78136,428.3,0.1412000000000001
0.54010534,105.011925,395.2,0.13740000000000008
0.6546227,101.73811,540.4,0.13360000000000005
0.40034568,101.18198,343.2,0.12980000000000014
1.2147244,103.3403,548.5,0.1260000000000001
2.7426295,102.32679,478.5,0.12220000000000009
0.78158575,100.00453,221.9,0.11840000000000006
0.6767843,102.850235,348.8,0.11460000000000004
1.3809128,98.254005,426.6,0.11080000000000012
2.3656738,99.869064,366.2,0.1070000000000001
0.26117942,96.9332,472.1,0.10320000000000007
0.59406877,100.22708,352.4,0.09940000000000004
0.6877191,99.53912,745.2,0.09560000000000013
0.47033042,95.996216,382.1,0.0918000000000001
0.36530358,105.46179,361.2,0.08800000000000008
0.5088104,99.13371,347.9,0.08420000000000005
0.32420984,96.826675,437.7,0.08040000000000014
0.6026827,100.914444,302.1,0.07660000000000011
1.397373,99.34955,547.2,0.07280000000000009
0.41806054,97.61919,252.3,0.06900000000000006
0.60977596,98.14427,328.4,0.06520000000000015
0.32549268,98.85615,307.2,0.06140000000000012
0.1594243,100.38942,258.8,0.057600000000000096
0.22321154,96.133934,310.6,0.05380000000000007
0.47136235,96.97781,305.7,0.050000000000000044
0.44415152,95.15436,391.3,0.05
2.0269074,100.39906,233.6,0.05
0.8216309,98.817825,255.3,0.05
0.86844707,94.69667,191.6,0.05
1.0824859,98.9906,200.0,0.05
0.37082726,100.35225,163.8,0.05
0.7205196,100.19714,185.0,0.05
0.7455178,95.84213,174.7,0.05
52.50193,88.25073,216.8,0.05
0.6999527,92.555,197.2,0.05
0.5788417,100.37691,209.0,0.05
0.39738,93.79564,200.5,0.05
0.6268071,97.3338,205.8,0.05
0.5313376,92.745476,201.6,0.05
0.6266714,93.81006,272.3,0.05
0.5418984,97.587265,193.4,0.05
0.26924777,92.35567,286.5,0.05
39.719727,89.860344,249.1,0.05
0.8760906,93.79486,265.8,0.05
0.42363614,95.36992,214.6,0.05
0.49326494,86.30209,226.0,0.05
0.31843585,101.72859,210.4,0.05
0.4484985,97.96289,211.2,0.05
0.25279185,86.06768,182.5,0.05
0.31680024,96.177605,372.4,0.05
1.4621177,92.33667,185.3,0.05
0.54539007,97.64023,208.0,0.05
1.770537,91.69466,237.4,0.05
0.1814264,96.94027,180.3,0.05
0.5477749,97.79878,257.3,0.05
0.33033106,92.12459,226.1,0.05
0.3590856,90.10986,252.2,0.05
0.2596177,85.36693,268.9,0.05
0.2808631,93.43814,192.3,0.05
0.22223979,79.57149,192.2,0.05
0.1995394,92.02409,216.8,0.05
0.14306909,93.786865,216.4,0.05
0.324165,90.891495,268.5,0.05
0.10251753,94.36081,233.6,0.05
0.33091044,92.146935,200.8,0.05
0.5916813,90.09151,311.0,0.05
6.5656114,79.95361,231.3,0.05
0.5035991,80.83451,254.9,0.05
5.324578,83.45654,276.4,0.05
0.25186402,84.894684,217.0,0.05
0.24066904,80.3963,581.2,0.05
0.3127591,88.3168,212.0,0.05
0.26221254,98.91656,514.3,0.05
0.26165345,84.83224,330.3,0.05
0.18828252,93.96155,477.0,0.05
0.25414628,91.18532,500.3,0.05
0.13442272,93.4671,440.5,0.05
0.6948441,73.492905,706.0,0.05
0.40018544,88.65315,411.1,0.05
0.6398926,99.76935,664.8,0.05
0.42207855,102.19454,320.1,0.05
0.19779041,96.544235,531.1,0.05
0.15396224,88.27956,542.5,0.05
0.05019176,84.66756,680.6,0.05
0.115025215,91.6459,577.0,0.05
372.1005,83.44393,568.0,0.05
0.27569568,90.316216,464.3,0.05
0.14846219,92.17309,391.0,0.05
0.2698379,95.78825,597.6,0.05
0.2394096,92.23511,477.2,0.05
0.283523,100.06488,494.3,0.05
0.19639511,91.03144,747.5,0.05
304.4598,89.668884,206.8,0.05
0.38559592,87.40835,774.1,0.05
0.12556444,98.73216,532.2,0.05
0.25042668,87.44259,638.8,0.05
0.3690909,93.25458,713.6,0.05
3.416123,92.88329,209.1,0.05
0.36349577,96.14159,343.4,0.05
0.5171442,89.738686,836.0,0.05
0.5919136,97.02228,760.8,0.05
0.6245679,101.81347,697.5,0.05
0.39524963,101.96568,888.4,0.05
1.2720973,100.07759,387.3,0.05
0.70241624,91.0473,525.8,0.05
297.41086,100.9221,857.6,0.05
0.19257599,106.463776,894.4,0.05
0.61374736,103.92259,656.1,0.05
0.29073778,104.57014,793.3,0.05
0.34044063,107.65878,788.4,0.05
1.7496923,100.96149,951.5,0.05
0.5548352,106.441956,407.5,0.05
0.22884038,103.526535,500.7,0.05
0.4746422,105.90586,586.0,0.05
0.5951035,102.887314,495.1,0.05
0.44458193,106.288,535.1,0.05
0.9178876,99.82901,451.6,0.05
0.30103287,101.90834,815.8,0.05
1.7284702,100.87134,299.1,0.05
1.0357199,102.91745,730.8,0.05
210.33124,103.20389,800.2,0.05
0.527607,99.16095,726.7,0.05
0.68367386,99.63309,404.1,0.05
204.7959,99.21579,347.1,0.05
2.6550274,100.148926,707.1,0.05
0.77498186,98.942764,801.7,0.05
1.2497592,101.72876,387.6,0.05
0.6588637,103.629074,718.9,0.05
1.2958382,96.464775,366.0,0.05
0.47008085,103.833084,445.7,0.05
0.42796886,101.5131,885.1,0.05
0.33321324,106.323326,483.7,0.05
1.1046371,103.75606,306.5,0.05
0.18863341,108.14612,910.9,0.05
0.5645021,102.09428,717.9,0.05
0.29807317,102.1232,481.0,0.05
0.88403136,99.609314,427.1,0.05
0.51037824,105.965256,391.3,0.05
1.4270806,96.38386,386.4,0.05
0.57706785,99.61477,415.0,0.05
0.34527308,101.93304,445.4,0.05
0.57557094,100.069534,572.0,0.05
0.93067145,102.90009,417.2,0.05
0.78432846,104.00426,437.2,0.05
0.31194365,99.22435,316.8,0.05
0.42810744,96.77631,363.2,0.05
0.74544954,97.69096,328.3,0.05
0.31364575,97.14493,286.5,0.05
0.80465066,101.32826,309.8,0.05
0.47522917,99.08147,289.8,0.05
103.28617,96.53386,282.6,0.05
0.40696245,95.52719,329.0,0.05
1.0402646,93.09523,285.3,0.05
0.53099704,98.233246,290.3,0.05
0.26043546,94.98261,231.8,0.05
0.5209497,96.188034,255.3,0.05
0.52871466,88.966064,250.3,0.05
0.53726137,97.30319,198.0,0.05
0.37589142,97.05133,293.2,0.05
0.5004397,99.45529,222.0,0.05
0.23770884,94.52167,248.3,0.05
173.04944,88.53595,308.2,0.05
0.87821424,94.339645,204.5,0.05
62.645954,87.37147,233.1,0.05
56.92975,92.44923,183.5,0.05
0.3968219,87.73563,208.6,0.05
0.603698,90.560875,231.4,0.05
46.766853,85.18938,200.4,0.05
0.62239134,85.24548,218.7,0.05
0.29081523,87.730316,236.8,0.05
0.40597236,82.97659,208.1,0.05
0.24620357,85.65134,221.8,0.05
0.5292975,81.71949,221.3,0.05
18.646965,77.5022,256.5,0.05
0.67485666,89.27718,211.1,0.05
0.3611155,82.118286,270.4,0.05
0.15636182,76.36781,249.7,0.05
30.60912,87.47235,315.7,0.05
0.54175574,82.751976,266.5,0.05
0.24808127,82.08615,264.3,0.05
0.2607422,77.30794,258.0,0.05
56.83558,77.39039,280.7,0.05
0.74835753,75.30376,332.9,0.05
0.11231074,81.11902,240.6,0.05
0.35075378,78.787094,273.6,0.05
0.22700575,86.43382,275.7,0.05
0.6434212,79.83099,293.8,0.05
0.16479903,80.16821,312.6,0.05
0.21420646,74.491585,316.5,0.05
0.31098044,82.90465,294.5,0.05
0.20821357,75.031944,353.9,0.05
0.22751833,80.21761,326.3,0.05
30.663134,82.721436,471.7,0.05
0.6341028,77.24463,751.6,0.05
0.15980613,86.91887,508.5,0.05
0.15412009,80.41109,909.3,0.05
0.45766914,81.62451,484.6,0.05
0.20917639,78.888885,817.9,0.05
0.30952168,80.91651,805.9,0.05
0.13341436,84.61781,709.1,0.05
0.1534065,83.71501,839.0,0.05
0.5635225,83.91028,761.6,0.05
0.23198578,90.25398,714.2,0.05
0.2412094,86.19719,498.8,0.05
0.35591215,86.65997,761.3,0.05
0.19215918,85.92857,1000.0,0.05
1.0098895,86.465645,705.4,0.05
0.21373057,89.785645,573.6,0.05
0.2038163,89.83152,567.5,0.05
0.24575266,95.40726,655.4,0.05
0.33581734,93.73859,827.5,0.05
0.124750964,93.30089,618.2,0.05
0.15574655,93.97531,616.5,0.05
0.2575671,95.105705,626.1,0.05
0.5282802,95.75936,329.1,0.05
0.18702479,97.29257,809.4,0.05
0.25278825,94.85019,555.3,0.05
0.06336292,97.864494,610.4,0.05
0.23596372,97.737015,400.8,0.05
0.051442094,99.869125,223.2,0.05
0.052670863,98.55582,200.7,0.05
0.04329879,99.95807,291.8,0.05
0.081423864,100.44083,228.9,0.05
0.07162641,102.315544,173.1,0.05
0.119619444,101.669945,184.0,0.05
0.52907515,102.18988,167.4,0.05
0.12523475,101.297424,177.0,0.05
0.19809242,105.936905,233.3,0.05
0.2521403,105.062744,223.3,0.05
0.20802963,98.1738,206.6,0.05
0.48748064,96.96477,198.3,0.05
0.2304639,101.4124,184.2,0.05
0.24542996,105.17758,158.0,0.05
0.13433707,85.80389,160.6,0.05
0.2086176,89.305046,146.4,0.05
0.16120343,98.53204,142.6,0.05
5.5119767,91.30617,151.4,0.05
0.21201426,78.17824,135.2,0.05
0.26855215,89.45021,137.5,0.05
0.3390612,81.66836,133.3,0.05
0.21589395,81.437,136.7,0.05
0.24336588,84.870544,136.8,0.05
0.3325002,79.66173,127.4,0.05
0.16898234,81.20478,130.7,0.05
0.3636272,75.85558,136.3,0.05
0.18995337,72.90666,131.3,0.05
0.3984381,72.97879,149.8,0.05
0.25262,64.38725,125.7,0.05
0.15009607,64.89095,142.2,0.05
0.09917121,69.84589,127.6,0.05
0.1968469,75.13141,129.2,0.05
1.124423,57.096336,124.9,0.05
0.16597992,66.92322,122.7,0.05
0.19900455,65.323746,131.2,0.05
0.19114004,77.03479,119.1,0.05
0.12058315,70.59529,120.5,0.05
0.12743755,68.579216,119.6,0.05
1.2800119,67.199326,119.9,0.05
0.2071529,61.438316,119.2,0.05
0.15778321,60.086212,119.4,0.05
0.19094895,54.933052,118.8,0.05
1.4089903,66.03017,117.4,0.05
0.103409655,69.41168,127.3,0.05
0.087292835,60.391075,117.1,0.05
0.09903316,59.477695,121.6,0.05
0.14097665,64.60338,124.2,0.05
0.0847503,62.12179,118.8,0.05
0.24933118,54.387188,123.8,0.05
0.14743614,55.196632,124.7,0.05
0.109304205,59.681747,116.3,0.05
0.07305787,54.187294,124.0,0.05
0.14254096,54.81074,123.5,0.05
0.12626064,66.08685,126.3,0.05
0.111470036,55.443775,120.2,0.05
0.29920036,61.91245,127.7,0.05
0.03512368,56.49689,122.3,0.05
0.18265,54.495316,127.7,0.05
0.14141305,63.21098,120.0,0.05
0.19329157,43.045723,122.6,0.05
0.06579125,63.184105,125.7,0.05
0.05518704,46.039238,128.1,0.05
0.52923894,43.147274,125.8,0.05
0.3453153,57.257027,128.5,0.05
0.052916788,53.182228,134.7,0.05
0.07549449,52.794014,128.0,0.05
0.11195856,57.49816,134.6,0.05
0.05254172,45.43772,132.9,0.05
0.13788697,48.62717,136.8,0.05
0.08850098,60.3947,142.3,0.05
0.12814593,56.25515,136.6,0.05
0.12801938,59.82281,140.1,0.05
0.08698492,59.568523,143.6,0.05
0.11087034,57.45967,144.8,0.05
0.08851285,50.646225,145.0,0.05
0.07557536,53.46226,143.2,0.05
0.10989546,51.79226,150.9,0.05
0.11669005,56.776985,149.3,0.05
0.061205782,41.63055,153.4,0.05
0.13030821,56.020863,160.7,0.05
0.20776722,43.27452,168.7,0.05
0.044621855,54.60138,163.4,0.05
0.07446387,53.526722,173.9,0.05
0.14916618,52.573254,159.4,0.05
0.093330435,52.823174,160.7,0.05
0.07289249,52.487434,183.7,0.05
0.047620025,53.679596,176.5,0.05
0.7623179,57.08693,193.3,0.05
0.05979111,64.7144,206.1,0.05
0.9430859,51.956993,213.5,0.05
0.087375715,51.7936,230.6,0.05
0.6631608,53.694485,221.7,0.05
0.7406833,64.45755,224.4,0.05
0.06139461,56.852673,269.3,0.05
0.17629261,60.1313,463.4,0.05
0.98166716,59.36362,246.5,0.05
0.25711855,57.167652,360.5,0.05
0.15060729,65.20205,760.2,0.05
0.1252571,67.68417,649.1,0.05
0.071531355,67.061035,767.4,0.05
0.053484485,67.692154,894.8,0.05
0.10195409,67.598564,736.6,0.05
0.11443109,69.71116,789.1,0.05
0.0807147,60.679752,759.7,0.05
0.06852492,80.24237,694.7,0.05
0.30519718,75.806564,577.5,0.05
0.042499527,73.62927,595.9,0.05
0.11828396,73.2083,739.2,0.05
0.063015595,78.75807,594.0,0.05
0.07140665,77.39827,746.0,0.05
0.117224455,78.57016,651.1,0.05
0.11482905,74.150894,492.8,0.05
0.12405335,73.72036,699.0,0.05
0.038218677,77.483055,472.7,0.05
0.114022836,84.877655,591.2,0.05
0.18739446,74.152466,439.1,0.05
0.30591506,80.31379,622.6,0.05
0.27594942,76.40057,531.4,0.05
0.3101581,76.56348,424.9,0.05
0.16494173,78.60435,562.8,0.05
0.15823986,78.56365,418.1,0.05
25.401535,79.2337,463.7,0.05
0.1617567,76.338554,395.5,0.05
0.14957562,81.94323,460.5,0.05
0.20609695,76.36657,352.1,0.05
12.878789,77.96538,305.8,0.05
0.11095379,81.085175,506.4,0.05
0.16932485,75.59136,426.9,0.05
0.44169435,78.87521,548.9,0.05
0.15087801,79.771515,296.1,0.05
0.15859306,80.86069,378.3,0.05
0.11276131,67.26546,349.0,0.05
0.14440627,81.67111,328.1,0.05
0.31203,76.650116,357.1,0.05
0.21636987,82.45389,314.0,0.05
0.5143766,71.22995,331.2,0.05
0.3211397,77.07603,298.7,0.05
0.11256955,82.61448,403.2,0.05
0.078452416,72.90445,320.9,0.05
0.10559764,67.03122,354.8,0.05
0.12394101,80.90863,400.9,0.05
0.27325293,76.42096,326.6,0.05
0.033611752,74.72775,372.8,0.05
5.5741634,78.246864,358.1,0.05
0.056946293,73.5905,320.1,0.05
0.1805044,74.39888,327.0,0.05
0.07939324,82.22963,334.9,0.05
0.16716453,67.931816,364.2,0.05
0.16591918,79.4742,300.7,0.05
0.15607324,76.03667,339.2,0.05
0.04597186,81.94811,372.3,0.05
0.059709106,75.66709,342.3,0.05
0.0952618,76.01955,373.7,0.05
0.07691999,71.965965,304.9,0.05
0.05319693,80.79843,365.7,0.05
0.03946752,80.422226,365.5,0.05
0.06471223,66.36206,355.2,0.05
0.045550127,78.60536,344.4,0.05
1.2537483,72.33182,357.8,0.05
0.06233018,75.447296,351.5,0.05
1.9149076,73.64932,347.9,0.05
0.04767327,64.56212,362.3,0.05
0.05467823,75.39438,382.8,0.05
3.7675705,69.782295,361.9,0.05
0.13841003,72.758644,360.2,0.05
0.08167332,80.6287,340.1,0.05
0.03523701,64.12059,353.8,0.05
0.19935331,74.230896,354.2,0.05
0.10622528,71.778946,366.8,0.05
0.056015506,69.67839,395.4,0.05
0.21060866,70.078354,357.7,0.05
0.16776587,70.39607,398.6,0.05
0.1347507,75.42726,368.9,0.05
0.116197854,76.89098,304.1,0.05
5.8937955,74.317375,370.5,0.05
6.8205547,76.57794,367.7,0.05
0.14555301,82.40639,430.1,0.05
0.20512344,78.14021,387.4,0.05
4.333328,74.641716,476.0,0.05
0.24753849,82.110535,384.1,0.05
0.1071206,75.48425,403.4,0.05
0.19430406,77.977234,300.0,0.05
0.13716736,76.080826,503.4,0.05
0.10544469,79.78056,546.3,0.05
0.0971377,79.755844,423.3,0.05
0.08390636,78.96721,444.3,0.05
0.048605423,83.85654,543.0,0.05
0.06756024,79.9478,437.5,0.05
0.10273064,72.491104,388.2,0.05
0.22120994,84.03631,639.2,0.05
0.1661813,77.242966,499.9,0.05
0.18492126,76.483246,361.5,0.05
0.091054276,76.41333,459.2,0.05
0.06346015,79.77893,445.0,0.05
0.23081228,85.547806,500.8,0.05
0.23639187,75.417175,503.8,0.05
0.17263412,82.20088,472.9,0.05
0.08425102,85.84552,459.4,0.05
0.15058595,80.87888,405.6,0.05
0.052197337,78.940346,187.5,0.05
0.046200726,76.394806,220.8,0.05
0.11977148,78.77774,340.4,0.05
0.44923705,84.30371,585.1,0.05
0.24217962,88.338905,144.9,0.05
0.7036232,83.841965,139.4,0.05
0.94798183,82.93896,127.4,0.05
1.4028928,87.31639,96.6,0.05
0.8732594,84.57918,100.9,0.05
1.5605401,84.47456,79.5,0.05
0.70995724,81.71025,125.6,0.05
1.1755077,83.883896,99.0,0.05
0.7347658,85.31704,119.9,0.05
0.806495,82.25998,305.5,0.05
1.6681738,90.070244,94.6,0.05
0.7840334,86.20969,230.8,0.05
1.2732613,91.681465,404.7,0.05
1.8813362,89.08232,288.8,0.05
0.6139823,81.32206,171.7,0.05
69.12829,89.978455,182.9,0.05
49.478577,80.21387,335.9,0.05
45.720604,75.807175,221.1,0.05
0.5638771,85.6979,318.6,0.05
49.04791,85.15639,304.0,0.05
2.7127893,84.263466,288.1,0.05
0.35204557,87.819664,275.7,0.05
31.533424,83.31016,261.1,0.05
0.3820758,90.78488,259.1,0.05
0.36365682,93.82898,242.2,0.05
0.3304934,84.200836,228.3,0.05
0.23684904,86.78427,225.4,0.05
0.92793584,90.620384,254.4,0.05
0.3699571,90.98423,264.6,0.05
0.2502629,87.046616,274.0,0.05
0.43019062,89.49269,266.3,0.05
0.4169076,87.87101,264.4,0.05
0.36593345,85.21896,312.7,0.05
0.2001389,86.0769,344.5,0.05
0.30983597,94.175575,483.8,0.05
0.26495153,81.99989,492.6,0.05
0.61299527,93.199356,396.1,0.05
0.41454387,85.85231,519.9,0.05
0.13855328,81.92769,424.4,0.05
3.8393576,85.08233,395.0,0.05
0.1989566,93.13103,331.4,0.05
0.21321729,94.88781,337.7,0.05
0.28087455,90.898994,317.9,0.05
0.375216,88.338234,297.5,0.05
0.15141758,98.508026,272.3,0.05
0.2889911,93.28903,641.7,0.05
0.32581693,95.798584,471.8,0.05
0.29595822,96.9527,482.0,0.05
0.23670724,99.3542,551.9,0.05
0.26018497,99.596436,557.5,0.05
0.37825304,93.47577,464.3,0.05
0.19925123,96.059364,428.8,0.05
0.08556453,106.80374,505.1,0.05
0.12801789,100.14947,459.7,0.05
0.13983564,95.34656,501.6,0.05
0.3865416,97.867584,426.9,0.05
0.61827445,95.618484,457.0,0.05
0.62250113,100.81811,422.3,0.05
0.2998016,96.70149,459.5,0.05
0.30788755,95.17459,443.3,0.05
0.36095977,99.18321,454.8,0.05
0.27267087,95.34984,456.8,0.05
0.3092904,102.49988,604.3,0.05
0.1921914,100.621185,421.5,0.05
0.5475302,98.664825,430.4,0.05
0.41890937,87.93203,458.1,0.05
0.28991544,97.02081,519.4,0.05
1.0013003,100.064865,673.9,0.05
0.17342117,93.304344,580.2,0.05
0.5473121,101.18058,749.1,0.05
0.6435331,94.637215,738.5,0.05
0.47270483,94.36665,652.4,0.05
0.33110482,94.23412,692.5,0.05
0.16189234,95.44864,833.2,0.05
0.15149274,101.50044,785.2,0.05
0.23173031,98.90088,905.8,0.05
0.8867023,100.33354,790.6,0.05
0.23385763,99.54213,790.5,0.05
0.2892483,100.24795,1000.0,0.05
0.15203017,102.79599,898.8,0.05
0.25450802,97.47888,999.2,0.05
0.37342,100.02124,1000.0,0.05
0.2409015,95.98572,732.4,0.05
0.26637188,90.792206,993.5,0.05
0.14485988,90.45592,808.7,0.05
0.081516065,91.70668,1000.0,0.05
0.5172806,90.89197,1000.0,0.05
0.09207411,89.50563,623.9,0.05
0.115460314,90.93455,764.5,0.05
0.18563592,97.06271,753.9,0.05
0.18160857,94.0556,1000.0,0.05
0.23352559,92.03153,996.8,0.05
0.44205853,91.39852,1000.0,0.05
0.0705198,89.22168,1000.0,0.05
0.09504275,85.46575,1000.0,0.05
0.051964387,87.477585,1000.0,0.05
0.33146113,87.666016,922.6,0.05
0.13980433,85.73515,1000.0,0.05
0.03236163,82.19205,1000.0,0.05
0.12704018,82.67084,1000.0,0.05
0.10037379,86.02728,1000.0,0.05
0.07375889,85.53468,1000.0,0.05
0.047827028,88.149506,1000.0,0.05
0.06504764,83.90258,1000.0,0.05
0.048367325,85.67315,1000.0,0.05
0.04246372,84.43224,1000.0,0.05
0.043470263,84.60402,1000.0,0.05
0.061943695,87.401115,1000.0,0.05
0.07244077,84.57668,1000.0,0.05
0.05290232,83.79988,1000.0,0.05
0.0730779,85.09689,969.8,0.05
0.034843598,85.36003,795.5,0.05
0.031794854,86.14269,1000.0,0.05
0.04934956,86.8971,678.5,0.05
0.01607965,86.9901,871.2,0.05
0.021352524,87.076256,783.8,0.05
0.037728664,87.89661,887.0,0.05
0.0299301,88.830414,656.0,0.05
0.0073119537,89.335594,763.0,0.05
0.049826324,89.552765,527.4,0.05
0.008970117,90.35828,683.2,0.05
0.01044961,90.13992,722.0,0.05
0.04155436,91.73416,715.8,0.05
0.035351463,91.26921,684.7,0.05
0.03364587,92.14648,586.9,0.05
0.013222697,93.01437,528.9,0.05
0.01327255,92.67486,526.3,0.05
0.035909392,94.19162,345.4,0.05
0.017538274,93.801704,346.8,0.05
0.038960956,94.70077,284.8,0.05
0.0291067,94.89198,378.5,0.05
0.03861024,95.05136,382.4,0.05
0.027200442,95.36076,220.0,0.05
0.033372965,95.68395,285.8,0.05
0.077053204,96.90867,242.5,0.05
0.043397285,97.2305,234.3,0.05
0.020392854,96.82196,245.1,0.05
0.01978821,97.981384,241.9,0.05
0.017961998,97.636536,233.7,0.05
0.014274566,97.83459,191.1,0.05
0.018781872,98.12344,216.0,0.05
0.010660788,98.59706,241.6,0.05
0.016767606,99.090836,240.5,0.05
0.011539072,98.899315,218.3,0.05
0.0051970347,99.40735,204.5,0.05
0.011850586,99.27431,197.5,0.05
0.0044441046,99.56351,189.9,0.05
0.0065536415,99.94317,193.0,0.05
0.017348517,100.02504,192.6,0.05
0.011401093,100.34317,189.8,0.05
0.004248406,100.54495,165.9,0.05
0.025226766,100.55548,167.8,0.05
0.014648812,100.74769,184.3,0.05
0.0027195252,100.79286,175.3,0.05
0.0062436173,100.89487,159.6,0.05
0.005719537,101.14228,176.8,0.05
0.0023509301,101.27055,170.0,0.05
0.002565343,101.127144,163.6,0.05
0.0026609877,101.571205,160.5,0.05
0.0026505,101.75032,158.0,0.05
0.004667333,101.5166,150.3,0.05
0.003353018,101.796585,137.2,0.05
0.024606109,101.986404,155.1,0.05
0.017871488,101.931,150.9,0.05
0.008270477,101.91148,150.4,0.05
0.0014336107,102.19368,153.0,0.05
0.011494179,102.35742,149.4,0.05
0.0014176236,102.3658,150.4,0.05
0.006362437,102.19848,148.4,0.05
0.00917856,102.12492,128.6,0.05
0.0035724696,102.569244,133.1,0.05
0.016504453,102.47537,128.3,0.05
0.011778299,103.24454,134.0,0.05
0.021015294,103.17767,120.5,0.05
0.07087159,99.43538,146.3,0.05
0.072574824,99.91925,154.6,0.05
0.034000043,103.43652,174.5,0.05
0.44976252,92.78638,177.0,0.05
0.61983687,99.028496,173.9,0.05
0.0792118,101.0057,471.6,0.05
0.18674561,95.4717,279.1,0.05
0.27321312,87.76393,890.8,0.05
0.36455154,88.51588,568.1,0.05
0.060261622,99.47283,784.8,0.05
0.15758984,98.53581,975.3,0.05
0.23587123,93.73317,529.3,0.05
0.44827202,97.38424,368.0,0.05
0.07450338,90.242485,695.1,0.05
0.08395293,97.16444,1000.0,0.05
0.21370204,99.77257,992.8,0.05
0.13506028,96.89881,1000.0,0.05
0.13051383,90.21621,1000.0,0.05
0.1493429,96.9521,1000.0,0.05
0.2834307,94.996124,1000.0,0.05
0.08501366,101.92276,1000.0,0.05
0.101630464,97.29832,1000.0,0.05
0.039593827,99.3323,1000.0,0.05
0.060674913,104.90451,1000.0,0.05
0.08819111,97.00185,880.3,0.05
0.05951973,101.6071,1000.0,0.05
0.1108676,99.25745,913.4,0.05
0.049465615,101.777466,1000.0,0.05
0.05253514,98.49576,924.2,0.05
0.04807794,104.9114,1000.0,0.05
0.029422786,99.830795,1000.0,0.05
0.022967713,104.06334,1000.0,0.05
0.019111166,100.02475,1000.0,0.05
0.011406539,102.98881,1000.0,0.05
0.023240535,102.82727,1000.0,0.05
0.020408992,102.08124,1000.0,0.05
0.014270743,101.80707,1000.0,0.05
0.016391302,101.40344,1000.0,0.05
0.018847365,100.70724,936.7,0.05
0.0055076564,99.99212,970.1,0.05
0.0047485237,99.75571,961.5,0.05
0.007834978,99.63064,833.1,0.05
0.006247434,99.6691,853.2,0.05
0.0037587322,99.34784,949.0,0.05
0.004027303,99.44851,896.3,0.05
0.005668961,99.41464,928.6,0.05
0.011326767,99.15994,675.8,0.05
0.0025296428,99.21446,808.1,0.05
0.0019752653,99.08496,877.1,0.05
0.0010723043,99.037224,586.6,0.05
0.0051352596,99.135826,793.3,0.05
0.0068445886,99.24963,715.1,0.05
0.007983584,99.232086,750.9,0.05
0.005210012,99.04282,770.2,0.05
0.0053536734,99.10973,539.3,0.05
0.017992893,99.42697,552.1,0.05
0.003957115,99.24964,617.8,0.05
0.0041041085,99.34616,773.5,0.05
0.003021792,99.256775,670.3,0.05
0.01187146,99.263794,587.9,0.05
0.0039476184,99.3118,588.3,0.05
0.0016582232,99.43956,553.4,0.05
0.0012848582,99.52655,458.2,0.05
0.0016073184,99.59039,449.8,0.05
0.0069182636,99.56395,609.8,0.05
0.0014715183,99.66075,455.0,0.05
0.0014133484,99.7117,499.5,0.05
0.00083983317,99.57851,535.7,0.05
0.0031081657,99.66235,533.5,0.05
0.0020429026,99.624794,568.1,0.05
0.005219558,99.63076,445.6,0.05
0.002292412,99.78302,440.0,0.05
0.004549213,99.92982,344.1,0.05
0.0012528035,99.84172,386.8,0.05
0.0018781682,99.96785,294.4,0.05
0.0032875522,100.29775,331.8,0.05
0.011979174,100.2054,308.3,0.05
0.0034690243,100.39075,319.3,0.05
0.002759075,100.45959,312.8,0.05
0.0015714283,100.611336,296.3,0.05
0.0038978113,100.70293,274.7,0.05
0.009421493,100.67706,317.6,0.05
0.0049284836,100.560684,314.7,0.05
0.001281667,100.79103,287.6,0.05
0.0051686727,101.061905,284.0,0.05
0.004482244,101.2184,300.5,0.05
0.008125615,101.60626,262.0,0.05
0.007288459,101.45257,291.5,0.05
0.00980648,101.94578,309.5,0.05
0.026679616,102.13243,389.2,0.05
0.018474292,102.4456,708.1,0.05
0.01920567,103.27986,769.1,0.05
0.009895403,103.28035,1000.0,0.05
0.015478902,104.65123,1000.0,0.05
0.020333745,105.64534,1000.0,0.05
0.0155752,103.05493,1000.0,0.05
0.017695671,104.69604,1000.0,0.05
0.015149408,104.75041,1000.0,0.05
0.0074478798,105.26939,1000.0,0.05
0.015319489,105.52606,1000.0,0.05
0.026548654,105.7833,1000.0,0.05
0.01644677,105.74309,1000.0,0.05
0.011021931,105.55857,1000.0,0.05
0.024070073,105.74484,1000.0,0.05
0.018378217,104.754776,1000.0,0.05
0.016598025,106.3495,1000.0,0.05
0.017034344,105.86894,1000.0,0.05
0.019578714,106.37828,1000.0,0.05
0.020280011,105.110214,1000.0,0.05
0.008680217,105.27856,1000.0,0.05
0.019700365,104.59082,1000.0,0.05
0.00606185,104.72199,1000.0,0.05
0.006458802,103.768715,1000.0,0.05
0.0052316226,103.57675,1000.0,0.05
0.0039871293,103.193535,1000.0,0.05
0.003779084,103.599785,1000.0,0.05
0.004911313,103.41358,1000.0,0.05
0.002950797,103.35635,1000.0,0.05
0.0024516466,102.90927,1000.0,0.05
0.0042287363,103.00433,1000.0,0.05
0.0057532787,103.27494,1000.0,0.05
0.0018971974,102.92113,1000.0,0.05
0.0028453902,103.01476,1000.0,0.05
0.0051431223,103.35223,1000.0,0.05
0.004888011,103.130394,1000.0,0.05
0.0028696032,102.95122,1000.0,0.05
0.002046209,102.85837,1000.0,0.05
0.001491982,102.89873,1000.0,0.05
0.0069952304,102.83969,1000.0,0.05
0.004284686,102.802536,1000.0,0.05
0.0018709991,102.93681,1000.0,0.05
0.002292132,103.10977,1000.0,0.05
0.0058412547,102.97577,1000.0,0.05
0.0018891495,102.94006,1000.0,0.05
0.0019449224,102.95708,1000.0,0.05
0.00350441,102.950005,1000.0,0.05
0.005924696,103.05186,1000.0,0.05
0.003973006,103.3116,1000.0,0.05
0.008222602,103.19214,1000.0,0.05
0.0025127,103.30669,1000.0,0.05
0.0021701027,103.22374,1000.0,0.05
0.0050499192,102.99362,1000.0,0.05
0.0038224398,103.32923,1000.0,0.05
0.0070447177,103.317795,1000.0,0.05
0.004238706,103.53384,1000.0,0.05
0.00655752,103.27203,1000.0,0.05
0.0027339547,103.32633,1000.0,0.05
0.0029185985,103.51828,1000.0,0.05
0.003282772,103.62212,1000.0,0.05
0.007130932,103.87245,1000.0,0.05
0.016493902,103.64662,1000.0,0.05
0.0018482457,103.79152,1000.0,0.05
0.0057040798,104.06465,1000.0,0.05
0.0035846217,104.33221,1000.0,0.05
0.003573136,104.399506,1000.0,0.05
0.0026054825,104.334206,1000.0,0.05
0.005878031,104.27246,1000.0,0.05
0.003892946,104.328156,1000.0,0.05
0.013261421,104.48076,1000.0,0.05
0.006639802,104.46287,1000.0,0.05
0.0036650037,104.39319,1000.0,0.05
0.002582423,104.634674,1000.0,0.05
0.0074724723,104.57335,1000.0,0.05
0.0037260721,104.40902,1000.0,0.05
0.0014312016,104.346405,1000.0,0.05
0.017649908,104.56653,1000.0,0.05
0.0033170418,104.31436,1000.0,0.05
0.004468553,104.43254,1000.0,0.05
0.007547501,104.308014,1000.0,0.05
0.0021889308,104.19101,1000.0,0.05
0.0018598258,104.36048,1000.0,0.05
0.00463411,104.37803,1000.0,0.05
0.0032793712,104.45328,1000.0,0.05
0.0053793117,104.47552,1000.0,0.05
0.007030826,104.25511,1000.0,0.05
0.0023867474,104.24642,1000.0,0.05
0.0018886395,104.22915,1000.0,0.05
0.010645678,104.21186,1000.0,0.05
0.010883951,104.325455,1000.0,0.05
