0.006596892,-0.55571747,-1000.0,0.9601
0.021049459,-1.4986565,-438.3,0.9582
0.018104633,-2.419034,-125.2,0.9563
0.029701294,-3.2771409,-116.3,0.9544
0.023283007,-4.0285587,-175.3,0.9525
0.034476385,-4.6868525,-134.2,0.9506
0.060570393,-5.262212,-175.9,0.9487
0.06775949,-6.1393933,-173.7,0.9468
0.063970685,-6.8687477,-108.2,0.9449
0.0717223,-7.6260386,-170.1,0.9430000000000001
0.06219465,-8.437945,-161.5,0.9411
0.04336743,-9.275965,-137.8,0.9392
0.14113635,-9.675947,-94.7,0.9373
0.17084788,-10.46318,-106.6,0.9354
0.25107634,-10.941334,-116.9,0.9335
0.09372218,-11.694863,-102.5,0.9316
0.06802049,-12.43679,-160.5,0.9297
0.13164394,-12.820278,-116.6,0.9278
0.13606416,-13.50437,-111.4,0.9259
0.36590338,-13.815823,-90.6,0.924
0.11552428,-14.443891,-267.3,0.9221
0.08085322,-15.498761,-619.9,0.9202
0.09759411,-15.545414,-134.6,0.9183
0.18215214,-15.732996,-113.7,0.9164
0.12591381,-16.88052,-175.3,0.9145
0.10604065,-17.133434,-156.6,0.9126
0.17646705,-17.458809,-130.8,0.9107000000000001
0.09061107,-18.910194,-168.4,0.9088
0.34839827,-19.019012,-122.6,0.9069
0.27624962,-19.036022,-115.3,0.905
0.28386042,-19.0183,-176.1,0.9031
2.133808,-20.54684,-342.9,0.9012
0.24710906,-20.836893,-240.8,0.8993
0.16933738,-21.603909,-214.9,0.8974
0.23032269,-21.955198,-261.7,0.8955
0.15890871,-22.847166,-227.5,0.8936
14.681189,-23.174166,-274.0,0.8917
0.19974253,-23.653221,-408.4,0.8898
0.13728438,-24.21553,-529.9,0.8879
0.2777344,-24.558197,-356.1,0.886
0.305088,-25.214064,-304.2,0.8841
0.12597549,-25.592278,-519.2,0.8822
0.25346044,-25.926298,-370.7,0.8803
0.21884203,-26.171597,-1000.0,0.8784000000000001
5.761118,-26.906296,-1000.0,0.8765000000000001
0.21850893,-26.972755,-1000.0,0.8746
0.28845093,-27.983612,-1000.0,0.8727
0.19906653,-28.146622,-1000.0,0.8708
6.775257,-28.893162,-966.8,0.8689
0.26928568,-29.181581,-1000.0,0.867
0.2033112,-30.086157,-1000.0,0.8651
0.21489242,-30.566193,-1000.0,0.8632
0.2403636,-31.228586,-1000.0,0.8613
0.16784643,-31.37746,-1000.0,0.8594
0.34305426,-31.878094,-1000.0,0.8575
0.35232523,-31.750542,-1000.0,0.8556
0.23209046,-32.748253,-1000.0,0.8537
8.519196,-33.158447,-1000.0,0.8518
0.26954004,-33.700455,-976.1,0.8499
13.153576,-33.90531,-887.5,0.848
5.2255244,-34.118248,-993.5,0.8461000000000001
0.19363068,-34.957108,-1000.0,0.8442000000000001
0.20387386,-35.190536,-679.8,0.8423
0.1764774,-35.776337,-727.3,0.8404
0.20769942,-36.176235,-749.0,0.8385
5.150659,-36.4629,-773.6,0.8366
5.2357483,-36.966335,-698.6,0.8347
6.491039,-37.37815,-1000.0,0.8328
16.196783,-37.707863,-857.3,0.8309
5.627908,-38.114517,-1000.0,0.829
0.22812775,-38.342163,-449.2,0.8271000000000001
16.913284,-38.60972,-345.2,0.8252
0.21199514,-38.956413,-442.2,0.8233
0.2746513,-39.1039,-304.9,0.8214
7.102852,-39.24725,-387.4,0.8195
6.2114997,-39.80767,-1000.0,0.8176
0.3056264,-39.612015,-539.7,0.8157
6.319794,-39.99956,-280.1,0.8138000000000001
6.644787,-40.608192,-367.5,0.8119000000000001
0.24517858,-40.821632,-1000.0,0.81
0.24120618,-41.26214,-1000.0,0.8081
0.4356003,-41.619698,-927.6,0.8062
0.36396205,-42.24367,-857.2,0.8043
0.2907541,-42.896732,-828.2,0.8024
7.388062,-43.119057,-698.6,0.8005
7.382788,-43.465897,-447.0,0.7986
0.29139826,-43.840317,-693.2,0.7967
15.278759,-44.479103,-271.8,0.7948000000000001
0.33163023,-44.567608,-197.9,0.7929
0.4830699,-44.52304,-347.0,0.791
7.726513,-44.665886,-363.2,0.7891
8.272916,-45.053497,-405.6,0.7872
0.8270478,-45.305817,-277.4,0.7853
0.2947855,-45.630974,-563.8,0.7834
17.296013,-45.9253,-678.3,0.7815000000000001
0.36360458,-46.517452,-563.8,0.7796000000000001
9.421675,-47.124115,-786.1,0.7777000000000001
0.5520096,-47.07895,-301.4,0.7758
0.41450477,-47.287502,-500.8,0.7739
0.27853823,-47.66314,-216.4,0.772
19.163425,-47.65164,-771.3,0.7701
0.5489699,-47.864544,-642.9,0.7682
0.70725685,-48.174614,-469.0,0.7663
19.506516,-48.370766,-498.8,0.7644
9.840907,-48.386814,-476.9,0.7625
0.42017102,-48.7348,-697.2,0.7606
38.101933,-49.061447,-465.0,0.7587
0.8644625,-49.215935,-712.9,0.7568
0.38404298,-49.894745,-917.6,0.7549
10.508649,-49.508827,-482.2,0.753
20.917763,-49.90822,-489.7,0.7511
0.5143257,-50.23728,-854.6,0.7492000000000001
11.32629,-50.61883,-320.1,0.7473000000000001
10.941712,-50.897102,-508.5,0.7454000000000001
0.4769166,-51.30242,-369.5,0.7435
0.60222596,-51.13475,-976.3,0.7416
1.1820642,-51.79285,-719.0,0.7397
11.681246,-51.67984,-1000.0,0.7378
0.40282655,-52.012634,-1000.0,0.7359
0.31034675,-52.55181,-821.9,0.734
12.131361,-53.162575,-582.0,0.7321
0.82632744,-52.405987,-1000.0,0.7302
0.6466684,-53.513702,-1000.0,0.7283
22.006351,-53.122444,-722.8,0.7264
11.238156,-53.608627,-1000.0,0.7245
0.43458152,-53.583855,-768.9,0.7226
0.6800485,-53.73902,-1000.0,0.7207
0.9138003,-53.930725,-826.4,0.7188000000000001
0.45772913,-54.831047,-952.9,0.7169000000000001
24.00827,-54.956085,-882.3,0.7150000000000001
0.554102,-55.28135,-921.2,0.7131000000000001
12.186245,-55.14619,-1000.0,0.7112
0.71501005,-55.08927,-951.7,0.7093
24.394833,-55.415295,-437.8,0.7074
0.6107444,-55.240643,-1000.0,0.7055
1.113845,-55.45898,-830.7,0.7036
0.63320637,-55.630547,-975.0,0.7017
25.229551,-55.83575,-242.7,0.6998
0.42366523,-55.45398,-677.7,0.6979
12.893377,-55.50439,-300.3,0.696
0.54528993,-55.64283,-662.9,0.6941
24.818752,-55.69258,-753.6,0.6922
24.286047,-55.876076,-407.9,0.6903
12.899933,-56.474415,-840.2,0.6884
13.227868,-56.891983,-407.0,0.6865000000000001
13.724076,-56.411148,-200.4,0.6846000000000001
13.500793,-56.333614,-220.7,0.6827000000000001
13.171305,-56.728424,-249.6,0.6808000000000001
0.66540426,-56.4703,-246.1,0.6789000000000001
0.5694342,-57.195778,-758.5,0.677
0.56133825,-57.46173,-383.5,0.6751
13.676345,-57.433014,-859.0,0.6732
0.47666693,-57.546463,-698.7,0.6713
13.984376,-58.064445,-457.4,0.6694
40.263756,-58.004116,-475.0,0.6675
13.492203,-58.081833,-184.9,0.6656
13.748858,-57.62993,-206.3,0.6637
52.739883,-57.599384,-944.4,0.6618
0.5980969,-57.6923,-703.1,0.6599
13.932602,-58.028267,-453.3,0.658
0.74975514,-57.912586,-621.0,0.6561
0.43343017,-58.044853,-373.5,0.6542000000000001
27.358255,-58.162872,-560.7,0.6523000000000001
0.44840312,-58.26354,-476.7,0.6504000000000001
0.3406353,-58.42387,-748.8,0.6485000000000001
0.44978595,-58.534874,-725.8,0.6466000000000001
13.535073,-58.553497,-569.8,0.6447
0.45072508,-58.74967,-685.6,0.6428
14.45473,-59.02587,-544.2,0.6409
0.43224144,-59.25302,-547.7,0.639
13.758695,-59.34738,-766.4,0.6371
0.42317244,-59.36039,-385.5,0.6352
0.40933153,-59.44017,-638.8,0.6333
14.382579,-59.6342,-301.0,0.6314
27.964611,-59.772804,-417.3,0.6295000000000001
0.3905561,-59.91246,-584.2,0.6276
0.31707072,-60.18296,-726.0,0.6257
14.660942,-60.231445,-329.3,0.6238
0.48502108,-60.51431,-676.8,0.6219000000000001
0.4005275,-61.1699,-677.4,0.6200000000000001
15.139259,-61.338394,-681.1,0.6181000000000001
0.36750627,-61.461845,-496.0,0.6162000000000001
30.278984,-61.68711,-376.0,0.6143000000000001
0.59937936,-61.85095,-575.4,0.6124
0.61741525,-61.824463,-921.6,0.6105
0.3804312,-62.0087,-816.3,0.6086
0.4650202,-62.067665,-966.3,0.6067
14.990534,-62.178024,-851.6,0.6048
0.3207214,-62.588394,-1000.0,0.6029
0.48485854,-62.76335,-793.2,0.601
0.5528236,-62.68718,-898.6,0.5991
0.3728983,-62.867924,-774.9,0.5972000000000001
61.895824,-63.11744,-1000.0,0.5953
61.315613,-62.734646,-976.1,0.5934
31.241917,-62.753128,-924.1,0.5915
0.32263747,-62.782265,-878.0,0.5896000000000001
0.26851234,-63.309708,-726.2,0.5877000000000001
0.32259724,-63.317516,-944.9,0.5858000000000001
0.27526948,-63.634228,-602.8,0.5839000000000001
15.860706,-63.942543,-1000.0,0.5820000000000001
0.3875923,-64.05869,-578.9,0.5801000000000001
16.572474,-64.504486,-819.8,0.5782
0.33435038,-64.62821,-645.9,0.5763
0.26515302,-64.87991,-493.0,0.5744
32.640774,-65.25754,-771.2,0.5725
16.54953,-65.33186,-735.8,0.5706
0.3719819,-65.441895,-797.4,0.5687
33.42816,-65.51601,-730.2,0.5668
16.679594,-65.74848,-535.6,0.5649000000000001
0.38777256,-65.64448,-991.4,0.5630000000000001
0.34658074,-65.578094,-542.1,0.5611
0.49932602,-65.383896,-643.5,0.5592
0.29524457,-65.597466,-849.0,0.5573
0.33391854,-65.63484,-1000.0,0.5554000000000001
0.32615292,-66.0549,-535.1,0.5535000000000001
0.30044654,-66.29349,-723.9,0.5516000000000001
0.3965274,-66.42408,-903.0,0.5497000000000001
34.234005,-66.30995,-788.5,0.5478000000000001
16.972988,-66.33016,-814.4,0.5459
17.597637,-66.50409,-587.5,0.544
17.305508,-66.53551,-674.1,0.5421
0.35677195,-66.937164,-964.5,0.5402
0.5384684,-66.78003,-936.7,0.5383
17.892761,-67.13136,-615.8,0.5364
0.36408165,-66.98782,-573.5,0.5345
17.962862,-67.13544,-1000.0,0.5326000000000001
0.5149734,-66.57594,-931.3,0.5307000000000001
0.39479262,-67.07256,-916.4,0.5288
0.2712723,-67.22617,-529.6,0.5269
0.29209304,-67.69538,-991.3,0.525
0.37835348,-67.68492,-1000.0,0.5231000000000001
0.38094357,-67.58254,-740.9,0.5212000000000001
0.42953235,-67.53784,-699.7,0.5193000000000001
0.26788446,-67.880226,-1000.0,0.5174000000000001
35.954407,-67.9621,-978.6,0.5155000000000001
0.4179923,-67.86577,-933.9,0.5136000000000001
18.344486,-67.942085,-502.6,0.5117
17.882536,-68.09825,-881.6,0.5098
0.4709992,-67.92905,-476.8,0.5079
18.390182,-67.91837,-783.6,0.506
17.871456,-67.860306,-827.6,0.5041
17.685299,-67.521355,-984.8,0.5022
34.995033,-67.56835,-676.6,0.5003000000000001
18.31267,-67.92567,-1000.0,0.49840000000000007
18.333893,-67.889015,-893.1,0.49650000000000005
0.31786767,-67.87105,-352.6,0.49460000000000004
0.26480317,-67.9831,-836.0,0.4927
90.14322,-68.116684,-788.9,0.4908
0.36703536,-68.039604,-930.0,0.4889
0.35525224,-68.16166,-610.1,0.4870000000000001
36.182415,-68.20986,-731.0,0.4851000000000001
0.27166745,-68.50274,-830.8,0.4832000000000001
0.35257104,-68.65494,-711.1,0.48130000000000006
37.29926,-68.76907,-946.7,0.47940000000000005
0.3305523,-68.819824,-935.8,0.47750000000000004
37.977634,-69.27962,-830.3,0.4756
0.3828727,-68.9447,-752.0,0.4737
37.560875,-68.93407,-964.3,0.4718000000000001
37.147667,-69.19032,-876.3,0.4699000000000001
0.41459563,-68.83675,-779.7,0.4680000000000001
18.396826,-68.82024,-484.5,0.46610000000000007
0.45615953,-68.79038,-775.6,0.46420000000000006
18.706285,-68.68904,-700.0,0.46230000000000004
0.24520065,-69.01367,-908.3,0.46040000000000003
19.076887,-69.32022,-915.5,0.4585
18.610172,-69.45838,-935.6,0.4566
0.4848066,-69.12319,-1000.0,0.4547000000000001
18.576656,-69.04529,-886.8,0.4528000000000001
0.28578842,-69.25023,-702.9,0.4509000000000001
0.29005173,-69.40661,-927.9,0.44900000000000007
0.2795346,-69.342865,-1000.0,0.44710000000000005
0.26637897,-69.70265,-603.4,0.44520000000000004
37.72307,-69.66267,-1000.0,0.4433
19.340475,-69.69786,-739.4,0.4414
0.55966717,-69.40413,-679.8,0.4395
19.25889,-69.827194,-704.4,0.4376000000000001
0.28335416,-69.84973,-859.9,0.4357000000000001
0.24683787,-69.83037,-792.9,0.4338000000000001
38.131203,-70.030426,-930.1,0.43190000000000006
19.47469,-70.04906,-966.6,0.43000000000000005
0.2867775,-70.47999,-661.1,0.42810000000000004
0.20184205,-70.65266,-867.2,0.4262
0.30455068,-70.771805,-809.0,0.4243
20.062473,-71.02019,-657.2,0.4224000000000001
38.963646,-71.33043,-570.0,0.4205000000000001
0.2518663,-71.42198,-622.3,0.4186000000000001
0.27147034,-71.491425,-943.6,0.41670000000000007
20.3552,-71.62004,-654.7,0.41480000000000006
0.2340717,-71.80469,-950.5,0.41290000000000004
0.6950751,-71.402664,-872.8,0.41100000000000003
0.24525188,-71.53867,-551.6,0.4091
0.20707606,-71.80663,-641.6,0.4072
19.93664,-71.99401,-1000.0,0.4053000000000001
20.15943,-72.15427,-871.1,0.4034000000000001
20.212393,-72.19482,-875.4,0.4015000000000001
0.43855497,-72.702515,-761.8,0.39960000000000007
0.40041274,-72.76272,-796.7,0.39770000000000005
21.064253,-72.86778,-404.3,0.39580000000000004
0.28517437,-73.34584,-322.6,0.39390000000000003
0.26658106,-73.41513,-310.7,0.392
20.744751,-73.3161,-906.8,0.3901000000000001
21.493557,-73.68302,-461.1,0.3882000000000001
0.3223642,-73.558525,-921.5,0.3863000000000001
21.490149,-73.59459,-544.7,0.3844000000000001
0.2276499,-73.814026,-970.2,0.38250000000000006
0.28212962,-73.769035,-383.7,0.38060000000000005
21.678854,-74.02765,-728.3,0.37870000000000004
0.2540109,-74.18938,-595.3,0.3768
0.5089583,-74.36383,-484.2,0.3749
0.3796246,-74.18894,-378.7,0.3730000000000001
0.34504247,-74.084015,-692.4,0.3711000000000001
0.2560676,-74.21976,-518.1,0.3692000000000001
0.28091547,-74.33709,-689.8,0.36730000000000007
21.96884,-74.46724,-700.0,0.36540000000000006
0.3245256,-74.47539,-1000.0,0.36350000000000005
22.072577,-74.80604,-906.7,0.36160000000000003
43.879547,-74.68009,-551.8,0.3597
22.483988,-75.22801,-859.2,0.3578000000000001
0.50197935,-74.892746,-599.0,0.3559000000000001
0.2664603,-75.14703,-825.9,0.3540000000000001
21.890589,-75.30997,-329.7,0.3521000000000001
44.375454,-75.08391,-1000.0,0.35020000000000007
0.37975958,-74.843796,-396.5,0.34830000000000005
0.21071789,-74.92337,-937.4,0.34640000000000004
22.234695,-74.992,-1000.0,0.34450000000000003
21.586128,-74.85302,-829.5,0.3426
0.25487113,-74.915985,-1000.0,0.3407000000000001
0.24042761,-75.28188,-1000.0,0.3388000000000001
22.475142,-75.48152,-1000.0,0.3369000000000001
0.30929685,-75.367325,-945.4,0.3350000000000001
21.892675,-75.29205,-700.4,0.33310000000000006
0.22386979,-75.41306,-965.3,0.33120000000000005
0.20153461,-75.58402,-392.1,0.32930000000000004
0.28514245,-75.38225,-853.5,0.3274
0.2775245,-75.39923,-951.3,0.3255000000000001
0.42860264,-75.274414,-654.0,0.3236000000000001
0.30541542,-75.73988,-634.4,0.3217000000000001
22.78871,-75.58991,-845.4,0.3198000000000001
21.964752,-75.53653,-830.1,0.31790000000000007
21.960438,-75.49232,-991.1,0.31600000000000006
0.23713884,-75.65639,-412.9,0.31410000000000005
0.4249162,-75.52075,-445.5,0.31220000000000003
0.26979554,-75.46869,-385.6,0.3103
66.33985,-75.301346,-343.1,0.3084000000000001
44.363853,-75.000916,-326.8,0.3065000000000001
0.2803141,-74.94432,-788.3,0.3046000000000001
0.4461501,-74.96724,-569.2,0.3027000000000001
22.311478,-74.99982,-597.9,0.30080000000000007
0.33808798,-74.88202,-407.5,0.29890000000000005
0.26075825,-74.96625,-875.2,0.29700000000000004
22.40725,-75.039375,-180.0,0.29510000000000003
43.940346,-75.12071,-984.3,0.2932
0.27553216,-75.23248,-307.1,0.2913000000000001
66.94159,-75.41611,-440.1,0.2894000000000001
66.25945,-75.33235,-149.2,0.2875000000000001
43.97152,-74.95949,-287.1,0.2856000000000001
0.28132236,-75.10882,-143.1,0.28370000000000006
0.31964806,-75.32042,-504.7,0.28180000000000005
0.49958017,-75.04886,-205.2,0.27990000000000004
44.608532,-75.226746,-245.5,0.278
66.015274,-75.1264,-596.9,0.2761000000000001
22.294706,-74.89254,-155.5,0.2742000000000001
22.307196,-74.839485,-143.2,0.2723000000000001
22.655678,-74.54439,-429.6,0.2704000000000001
0.7089784,-74.046074,-171.9,0.26850000000000007
43.29287,-74.12334,-220.3,0.26660000000000006
0.5339268,-73.76861,-156.5,0.26470000000000005
0.32832697,-73.68562,-163.4,0.26280000000000003
64.08198,-73.71094,-431.4,0.2609
0.634098,-73.407265,-269.9,0.2590000000000001
42.348354,-73.22845,-182.2,0.2571000000000001
42.242493,-73.18675,-269.8,0.2552000000000001
21.539436,-73.509476,-944.9,0.2533000000000001
21.505014,-73.59318,-339.1,0.25140000000000007
42.75329,-73.71185,-387.2,0.24950000000000006
42.713375,-73.621506,-368.9,0.24760000000000004
21.542637,-73.68831,-490.4,0.24570000000000003
0.43385294,-73.34572,-863.2,0.24380000000000013
42.49857,-73.53361,-605.2,0.24190000000000011
21.535765,-73.73707,-157.4,0.2400000000000001
63.396744,-73.54236,-550.9,0.2381000000000001
63.319145,-73.573654,-449.4,0.23620000000000008
21.36499,-73.277435,-756.4,0.23430000000000006
0.2904022,-73.165375,-1000.0,0.23240000000000005
21.317537,-73.38881,-988.6,0.23050000000000004
21.340387,-73.09509,-781.6,0.22860000000000003
21.367908,-73.412704,-1000.0,0.22670000000000012
42.184055,-73.09596,-276.3,0.2248000000000001
21.211914,-73.15915,-903.1,0.2229000000000001
63.121887,-73.278595,-140.1,0.22100000000000009
0.25152704,-73.511856,-243.8,0.21910000000000007
0.40691787,-73.477936,-568.8,0.21720000000000006
0.4956737,-73.20679,-217.0,0.21530000000000005
42.30967,-73.00383,-626.0,0.21340000000000003
21.110676,-73.06123,-152.3,0.21150000000000013
21.200144,-73.25546,-623.4,0.20960000000000012
20.586035,-73.17459,-599.6,0.2077000000000001
41.775146,-73.36345,-260.8,0.2058000000000001
21.296673,-73.434074,-1000.0,0.20390000000000008
20.96713,-73.767914,-570.3,0.20200000000000007
64.18089,-73.87393,-369.3,0.20010000000000006
0.3375881,-73.68062,-188.2,0.19820000000000004
21.444925,-73.403885,-205.7,0.19630000000000003
42.2762,-73.011215,-159.9,0.19440000000000013
21.141684,-73.08429,-711.3,0.19250000000000012
41.388546,-73.06378,-740.2,0.1906000000000001
41.658318,-72.72936,-540.7,0.1887000000000001
0.36440778,-72.38837,-510.5,0.18680000000000008
40.50933,-72.2745,-141.1,0.18490000000000006
20.098475,-72.257744,-196.0,0.18300000000000005
0.25026467,-72.434494,-256.7,0.18110000000000004
20.317755,-72.03612,-787.8,0.17920000000000014
39.97587,-71.65865,-1000.0,0.17730000000000012
0.1920068,-71.82619,-874.3,0.1754000000000001
0.29019725,-71.74206,-1000.0,0.1735000000000001
0.5843621,-71.413506,-988.4,0.17160000000000009
19.621624,-71.26141,-169.3,0.16970000000000007
0.33897394,-70.960754,-854.5,0.16780000000000006
0.19816643,-71.09393,-373.0,0.16590000000000005
0.23034893,-71.1749,-555.9,0.16400000000000003
20.209038,-71.04203,-739.0,0.16210000000000013
20.018478,-70.743256,-257.1,0.16020000000000012
19.869043,-70.79877,-316.4,0.1583000000000001
0.23454842,-70.93576,-362.8,0.1564000000000001
19.399134,-71.12764,-420.7,0.15450000000000008
0.36819625,-71.09909,-359.1,0.15260000000000007
0.20205781,-71.215576,-920.7,0.15070000000000006
0.26598063,-71.16107,-780.3,0.14880000000000004
20.099894,-71.08916,-263.3,0.14690000000000014
0.2506281,-70.95938,-238.5,0.14500000000000013
20.105646,-71.18913,-355.9,0.14310000000000012
0.4516309,-70.94504,-271.8,0.1412000000000001
0.23186766,-71.26932,-204.6,0.1393000000000001
20.249996,-71.502594,-152.8,0.13740000000000008
60.03994,-71.33647,-487.7,0.13550000000000006
20.239862,-71.573425,-600.3,0.13360000000000005
0.24886931,-71.670944,-236.6,0.13170000000000004
20.478165,-71.40747,-446.6,0.12980000000000014
0.47503334,-71.181435,-364.3,0.12790000000000012
0.27017215,-71.29742,-1000.0,0.1260000000000001
40.163757,-71.45597,-427.1,0.1241000000000001
0.30609056,-71.21888,-348.0,0.12220000000000009
20.26067,-71.523094,-273.9,0.12030000000000007
20.146957,-71.19808,-613.9,0.11840000000000006
19.579948,-70.99898,-353.1,0.11650000000000005
0.27272335,-71.06929,-359.3,0.11460000000000004
19.55403,-71.28052,-334.8,0.11270000000000013
0.5286228,-71.05385,-1000.0,0.11080000000000012
0.39542717,-71.0067,-1000.0,0.10890000000000011
20.014544,-71.07379,-1000.0,0.1070000000000001
79.509125,-71.237,-731.6,0.10510000000000008
20.022835,-71.08119,-405.0,0.10320000000000007
20.054998,-71.20868,-279.8,0.10130000000000006
39.758915,-71.15659,-350.4,0.09940000000000004
39.391018,-71.28728,-319.9,0.09750000000000014
39.921623,-71.08483,-244.3,0.09560000000000013
0.28769383,-70.90968,-333.4,0.09370000000000012
20.130203,-71.43333,-514.1,0.0918000000000001
20.184351,-71.584625,-279.3,0.08990000000000009
20.251757,-71.64769,-457.2,0.08800000000000008
0.26781532,-71.46878,-176.8,0.08610000000000007
0.1826129,-71.51913,-357.4,0.08420000000000005
80.6846,-71.74102,-1000.0,0.08230000000000004
0.23924196,-71.6849,-650.1,0.08040000000000014
40.49037,-71.77692,-687.5,0.07850000000000013
0.31379315,-71.513565,-646.3,0.07660000000000011
20.203465,-71.52684,-669.9,0.0747000000000001
20.25575,-71.42707,-1000.0,0.07280000000000009
20.14955,-71.56638,-376.3,0.07090000000000007
19.67047,-71.58375,-1000.0,0.06900000000000006
20.18361,-71.499985,-831.9,0.06710000000000005
0.17177373,-71.65339,-1000.0,0.06520000000000015
0.26637873,-71.63761,-1000.0,0.06330000000000013
0.1102954,-72.07036,-794.3,0.06140000000000012
0.16595389,-72.26855,-427.1,0.05950000000000011
20.578041,-72.15643,-708.7,0.057600000000000096
0.24797311,-72.144775,-1000.0,0.05570000000000008
0.15449488,-72.30565,-506.4,0.05380000000000007
20.79847,-72.74106,-1000.0,0.05190000000000006
41.664284,-72.92113,-1000.0,0.050000000000000044
0.17218441,-72.99423,-1000.0,0.05
41.695015,-73.403786,-327.3,0.05
0.11247289,-73.38977,-1000.0,0.05
0.1765833,-73.54551,-494.6,0.05
0.20822933,-73.46957,-955.0,0.05
0.12490439,-73.70802,-457.2,0.05
63.486156,-73.80429,-612.2,0.05
0.18787786,-73.74648,-294.6,0.05
0.2026911,-73.79798,-618.1,0.05
42.678764,-74.240295,-347.1,0.05
21.658243,-73.98451,-954.6,0.05
42.402122,-74.02455,-1000.0,0.05
0.26483786,-73.93956,-917.8,0.05
0.08215583,-74.43599,-693.4,0.05
64.909615,-74.67279,-246.2,0.05
0.14144503,-74.750946,-821.1,0.05
21.951084,-74.76024,-905.0,0.05
21.46645,-74.903946,-811.9,0.05
44.043087,-74.88716,-989.4,0.05
21.505589,-75.02767,-314.6,0.05
0.19218409,-75.07875,-557.0,0.05
0.16701096,-74.86957,-290.8,0.05
0.297297,-74.579605,-471.4,0.05
43.674637,-74.41791,-267.3,0.05
0.18139231,-74.23147,-265.6,0.05
0.16880143,-74.67732,-351.8,0.05
43.731464,-74.254295,-275.8,0.05
43.11467,-74.053986,-293.5,0.05
64.26924,-73.82778,-385.9,0.05
0.22709322,-73.67764,-289.0,0.05
42.165348,-73.785355,-371.0,0.05
0.12417114,-73.93727,-300.4,0.05
43.078575,-74.02164,-378.4,0.05
64.38877,-74.02126,-266.5,0.05
0.13579644,-73.98575,-1000.0,0.05
42.934883,-74.014626,-1000.0,0.05
0.14199676,-74.26758,-484.9,0.05
42.77391,-74.358475,-569.1,0.05
21.806635,-74.440186,-940.9,0.05
43.687523,-74.671776,-353.9,0.05
65.426315,-74.62499,-619.7,0.05
21.31349,-74.40609,-304.3,0.05
21.829433,-74.493744,-353.2,0.05
21.852463,-74.63657,-1000.0,0.05
21.932302,-74.64482,-1000.0,0.05
0.1951186,-74.5611,-1000.0,0.05
21.964186,-74.7204,-808.2,0.05
0.24217735,-74.50517,-1000.0,0.05
43.47998,-74.306786,-1000.0,0.05
64.540695,-74.49457,-1000.0,0.05
0.16496801,-74.40872,-367.8,0.05
42.937695,-74.540436,-348.3,0.05
0.062362876,-74.68558,-644.6,0.05
21.369951,-74.78014,-396.5,0.05
0.08528889,-74.82935,-604.5,0.05
0.14412071,-74.83125,-814.7,0.05
0.18287063,-74.71608,-316.9,0.05
64.83097,-74.98068,-607.9,0.05
22.107721,-75.06239,-593.5,0.05
21.708052,-75.377594,-578.8,0.05
21.775925,-75.42253,-305.6,0.05
0.08537537,-75.61097,-304.7,0.05
87.92856,-75.72464,-381.1,0.05
44.93403,-75.74398,-243.3,0.05
0.1261689,-75.63324,-264.5,0.05
0.14161317,-75.62131,-236.7,0.05
0.15192537,-75.58162,-389.0,0.05
0.102508135,-75.76274,-363.5,0.05
0.09868123,-75.95509,-762.8,0.05
22.780928,-75.941635,-523.8,0.05
0.15288086,-75.851074,-677.3,0.05
22.086706,-75.59953,-925.1,0.05
22.53742,-75.79661,-990.8,0.05
0.16929406,-75.64696,-1000.0,0.05
22.521816,-75.43509,-1000.0,0.05
44.006584,-75.37662,-679.8,0.05
0.10051478,-75.618126,-563.9,0.05
0.18013144,-75.35891,-1000.0,0.05
22.422235,-74.93848,-683.8,0.05
22.122751,-75.033264,-348.4,0.05
0.50527567,-74.5421,-369.3,0.05
86.6892,-74.282715,-524.7,0.05
0.08760487,-74.477554,-350.6,0.05
0.17358306,-74.25804,-652.5,0.05
0.19799042,-74.35701,-1000.0,0.05
43.378788,-74.32272,-688.5,0.05
0.1090898,-74.45264,-841.1,0.05
0.22446337,-74.2976,-475.6,0.05
0.09946403,-74.471664,-554.6,0.05
21.951658,-74.83669,-493.8,0.05
0.08528995,-74.8725,-604.8,0.05
0.08021461,-75.00807,-787.6,0.05
21.594952,-74.85094,-688.8,0.05
0.09066611,-74.688614,-206.9,0.05
0.2583071,-74.473785,-824.7,0.05
0.14021029,-74.59877,-180.6,0.05
0.12113833,-74.628296,-331.8,0.05
0.18846999,-74.67385,-240.7,0.05
65.7274,-74.69687,-823.4,0.05
21.840265,-74.24808,-498.1,0.05
0.14801632,-74.144104,-970.3,0.05
0.3427056,-73.79795,-200.3,0.05
21.544336,-73.75391,-918.0,0.05
63.41157,-73.40731,-354.4,0.05
0.33974713,-73.22286,-386.9,0.05
21.116095,-73.091446,-323.5,0.05
42.122936,-73.25372,-603.4,0.05
0.49491695,-73.03159,-1000.0,0.05
0.33231357,-73.19437,-1000.0,0.05
0.12056316,-73.36304,-1000.0,0.05
21.199852,-73.28812,-793.2,0.05
0.25293067,-73.21178,-1000.0,0.05
21.204557,-73.40059,-1000.0,0.05
0.34452578,-73.260635,-614.8,0.05
42.060997,-73.176544,-550.9,0.05
0.4187259,-72.93685,-744.1,0.05
20.921146,-72.723656,-641.4,0.05
20.256361,-72.62224,-1000.0,0.05
0.13498424,-72.64766,-531.5,0.05
0.2087395,-72.75116,-858.8,0.05
0.08079044,-72.913925,-267.7,0.05
20.35011,-72.8504,-375.4,0.05
0.11033207,-73.289215,-367.6,0.05
21.157019,-73.36157,-432.1,0.05
21.11592,-73.19806,-1000.0,0.05
0.15302397,-73.43708,-487.9,0.05
0.18995239,-73.439804,-625.4,0.05
21.204243,-73.511734,-777.4,0.05
0.07990363,-73.63166,-1000.0,0.05
0.19404846,-73.445724,-966.4,0.05
41.63313,-73.34151,-1000.0,0.05
0.35083258,-73.14948,-1000.0,0.05
0.11419664,-73.15157,-457.3,0.05
0.05644653,-73.31953,-739.1,0.05
20.631306,-73.52322,-681.7,0.05
0.14584993,-73.45982,-994.9,0.05
0.091974795,-73.49431,-568.6,0.05
20.713985,-73.675095,-698.9,0.05
21.376406,-73.90732,-718.3,0.05
21.407299,-73.867325,-1000.0,0.05
21.497774,-74.099884,-389.2,0.05
0.05134981,-74.22597,-417.6,0.05
0.22633733,-74.14078,-189.0,0.05
0.241272,-73.92604,-268.7,0.05
21.618422,-74.02316,-250.3,0.05
20.927113,-74.00503,-343.4,0.05
0.05277351,-74.28132,-385.9,0.05
64.12658,-74.18948,-201.3,0.05
21.736095,-73.97299,-772.8,0.05
0.1864687,-73.99292,-345.3,0.05
42.581894,-74.19266,-458.6,0.05
43.255287,-74.30508,-482.0,0.05
0.12819456,-74.347946,-191.1,0.05
43.514095,-74.50404,-765.6,0.05
43.636635,-74.60281,-354.5,0.05
0.11851962,-74.63207,-194.8,0.05
21.909908,-74.61093,-530.7,0.05
0.33071744,-74.44664,-266.6,0.05
22.089073,-74.11046,-327.6,0.05
43.588726,-74.473946,-355.6,0.05
21.8529,-74.25562,-1000.0,0.05
21.811613,-73.84921,-487.6,0.05
0.3688907,-73.77561,-990.6,0.05
42.692966,-73.764946,-414.3,0.05
20.833183,-73.69627,-591.0,0.05
42.333202,-73.39038,-1000.0,0.05
63.185936,-73.26381,-258.4,0.05
21.068491,-72.80722,-294.6,0.05
0.23850515,-72.84688,-279.5,0.05
41.713856,-72.80338,-497.1,0.05
0.4391231,-72.24545,-312.6,0.05
0.1468168,-72.41092,-194.3,0.05
20.865305,-72.88014,-195.6,0.05
20.875336,-72.76872,-221.7,0.05
20.97848,-73.01551,-275.8,0.05
41.664425,-72.810234,-749.3,0.05
0.15728939,-72.957535,-501.7,0.05
0.31151858,-72.76103,-198.4,0.05
20.835798,-72.80181,-208.7,0.05
20.91331,-72.81927,-402.2,0.05
0.22346559,-72.91107,-1000.0,0.05
0.32803246,-72.55597,-1000.0,0.05
20.788391,-72.69116,-323.5,0.05
20.853123,-72.73596,-162.8,0.05
0.22296204,-72.694756,-146.6,0.05
21.007692,-73.04263,-180.2,0.05
0.19214356,-73.10544,-288.4,0.05
21.116848,-73.05659,-325.9,0.05
41.996677,-72.92268,-1000.0,0.05
21.000828,-72.83028,-885.4,0.05
0.45973894,-72.524796,-578.1,0.05
0.21320857,-72.49574,-316.4,0.05
0.17290494,-72.489494,-734.3,0.05
20.877693,-72.791336,-187.6,0.05
0.41574818,-72.537674,-286.9,0.05
41.768723,-72.96488,-945.0,0.05
21.037697,-73.132744,-236.6,0.05
21.064,-73.00904,-942.8,0.05
0.19192205,-73.15667,-640.9,0.05
21.081757,-72.88263,-292.9,0.05
20.946835,-72.5553,-509.4,0.05
0.5367353,-72.39106,-844.5,0.05
0.3796434,-72.10849,-445.1,0.05
40.872852,-72.18794,-347.2,0.05
40.883827,-72.113144,-571.0,0.05
0.22606586,-72.1358,-682.6,0.05
40.74226,-72.00935,-496.3,0.05
20.535595,-72.255844,-255.7,0.05
0.13743581,-72.47687,-194.8,0.05
20.757303,-72.30954,-232.3,0.05
20.616505,-72.19359,-964.6,0.05
0.19559647,-72.12332,-234.8,0.05
40.86951,-72.166725,-219.9,0.05
0.41515258,-71.839096,-279.4,0.05
0.15920645,-71.91719,-257.4,0.05
40.644493,-71.748276,-460.7,0.05
20.325249,-71.537674,-208.9,0.05
0.14000356,-71.56301,-253.2,0.05
40.53756,-71.86388,-219.8,0.05
40.76985,-72.09349,-191.6,0.05
19.961031,-72.225395,-249.9,0.05
20.648085,-72.38403,-291.0,0.05
20.694958,-72.39114,-263.5,0.05
0.2056538,-72.42601,-282.8,0.05
20.153654,-72.48985,-325.7,0.05
41.168274,-71.88614,-414.0,0.05
20.387583,-71.909225,-462.5,0.05
19.919035,-71.87226,-257.6,0.05
20.430677,-71.868416,-499.7,0.05
0.17484881,-72.159004,-464.3,0.05
0.16824044,-72.34597,-426.2,0.05
20.890602,-72.70877,-451.7,0.05
41.60453,-72.81297,-872.7,0.05
20.90683,-72.72949,-518.4,0.05
0.30236328,-72.66453,-511.3,0.05
20.734379,-72.490524,-593.0,0.05
0.17267394,-72.7755,-327.0,0.05
20.901924,-72.79091,-655.3,0.05
0.1584375,-73.09151,-233.7,0.05
0.17746817,-72.985344,-222.2,0.05
0.14947955,-73.09903,-375.5,0.05
83.224365,-73.135216,-569.3,0.05
0.23530854,-72.98935,-329.3,0.05
0.48653477,-72.64331,-314.9,0.05
20.859896,-72.625885,-314.7,0.05
0.37908632,-72.46165,-304.7,0.05
0.28193638,-72.47406,-347.5,0.05
0.23333478,-72.5397,-334.8,0.05
20.721481,-72.58575,-400.6,0.05
0.21306908,-72.54607,-418.4,0.05
41.208607,-72.36005,-395.1,0.05
0.14069152,-72.66711,-258.1,0.05
20.38864,-72.86948,-432.9,0.05
21.06383,-72.84998,-282.8,0.05
20.866957,-72.79381,-479.8,0.05
41.623688,-72.71184,-529.1,0.05
0.37581155,-72.54031,-263.0,0.05
0.17916164,-72.62424,-306.7,0.05
0.37665132,-72.52098,-424.2,0.05
20.331242,-72.863754,-1000.0,0.05
0.3737423,-72.61661,-414.3,0.05
41.43943,-72.60739,-563.9,0.05
0.27322677,-72.58832,-725.6,0.05
0.1281849,-72.88455,-317.7,0.05
20.923075,-72.76437,-418.5,0.05
0.30492517,-72.54898,-583.2,0.05
20.74047,-72.58833,-666.0,0.05
41.291718,-72.36041,-359.7,0.05
61.872147,-72.57781,-368.8,0.05
20.803867,-72.714645,-368.3,0.05
41.5596,-72.456764,-755.9,0.05
0.25297502,-72.23713,-283.5,0.05
0.16219006,-72.63365,-494.2,0.05
102.793655,-72.89358,-674.8,0.05
20.878124,-72.87544,-366.8,0.05
20.961708,-72.59781,-222.8,0.05
0.20941857,-72.685974,-391.6,0.05
0.305181,-72.54928,-653.3,0.05
102.91511,-72.71647,-445.2,0.05
0.13557899,-72.69919,-557.1,0.05
41.91394,-73.052,-476.3,0.05
20.942759,-72.886765,-297.6,0.05
0.1632718,-73.06239,-389.5,0.05
41.937,-73.16057,-566.9,0.05
0.19972003,-73.42236,-280.2,0.05
0.14472575,-73.42034,-478.6,0.05
42.666748,-73.80602,-381.1,0.05
0.21039805,-73.76081,-341.0,0.05
21.559046,-74.06882,-486.3,0.05
0.241735,-74.39241,-702.6,0.05
0.177588,-74.39183,-480.6,0.05
0.118009314,-74.620476,-398.7,0.05
0.11194516,-74.82045,-581.6,0.05
0.25852248,-74.69726,-967.8,0.05
0.14631979,-74.79094,-577.3,0.05
0.14288579,-74.8661,-349.6,0.05
43.604534,-75.11527,-389.0,0.05
21.641497,-75.194046,-281.3,0.05
22.28301,-75.33617,-510.6,0.05
21.768087,-75.453316,-275.6,0.05
0.23132488,-75.39873,-435.0,0.05
21.798208,-75.437584,-450.2,0.05
22.500904,-75.64801,-300.7,0.05
22.593489,-75.67319,-273.8,0.05
0.18736424,-75.66281,-255.9,0.05
0.14023052,-75.85454,-335.0,0.05
0.14731885,-75.966415,-311.4,0.05
0.28525123,-75.836395,-231.5,0.05
0.120795004,-75.98936,-212.0,0.05
44.542725,-76.35382,-981.4,0.05
45.20179,-76.46329,-280.4,0.05
22.320385,-76.20767,-491.1,0.05
0.15848815,-76.22873,-613.5,0.05
0.10400862,-76.52454,-492.2,0.05
0.26787007,-76.40064,-798.3,0.05
22.384348,-76.468475,-351.1,0.05
0.3026047,-76.36079,-511.6,0.05
0.12397129,-76.40696,-390.7,0.05
23.047907,-76.641,-862.0,0.05
23.211586,-76.91371,-391.4,0.05
23.344719,-77.0694,-667.3,0.05
23.453522,-76.63614,-1000.0,0.05
45.48443,-76.68395,-341.0,0.05
0.3478866,-76.28427,-277.3,0.05
22.957224,-76.4406,-348.8,0.05
0.18532564,-76.341805,-464.9,0.05
0.09241652,-76.51285,-488.5,0.05
0.10863931,-76.71796,-525.6,0.05
22.568726,-76.80859,-512.4,0.05
44.852882,-76.65485,-722.2,0.05
0.15634245,-76.5361,-725.4,0.05
0.27874705,-76.25812,-429.4,0.05
22.881735,-76.26438,-515.8,0.05
0.2676272,-76.07732,-475.6,0.05
44.71693,-76.0642,-913.7,0.05
22.153759,-75.971985,-965.5,0.05
0.12204395,-75.97797,-1000.0,0.05
0.22575237,-75.81591,-1000.0,0.05
22.717495,-76.105774,-687.8,0.05
0.38568127,-75.79907,-752.5,0.05
0.14072026,-75.88676,-619.5,0.05
22.759743,-76.179886,-795.6,0.05
67.13113,-75.79482,-928.9,0.05
0.11271148,-75.84987,-1000.0,0.05
22.669828,-75.6313,-1000.0,0.05
0.08523154,-75.952835,-895.5,0.05
0.13996641,-75.909424,-847.1,0.05
0.10890861,-76.04043,-479.8,0.05
0.12216539,-76.11707,-841.5,0.05
0.24978055,-75.92064,-833.6,0.05
0.05559477,-76.10123,-867.4,0.05
22.761189,-76.10982,-877.7,0.05
0.06797116,-76.17134,-1000.0,0.05
44.813892,-76.12931,-1000.0,0.05
0.16573237,-75.977875,-1000.0,0.05
0.14237808,-75.9269,-1000.0,0.05
0.057044182,-76.12608,-936.8,0.05
22.792294,-76.188995,-965.6,0.05
0.11875219,-76.24077,-1000.0,0.05
0.102656916,-76.1839,-954.0,0.05
0.04500022,-76.4501,-541.5,0.05
22.443861,-76.722534,-672.1,0.05
0.05083198,-76.88664,-698.8,0.05
0.04333761,-76.964386,-1000.0,0.05
0.092751175,-76.891785,-794.3,0.05
22.69152,-76.66058,-645.3,0.05
0.05272692,-76.84889,-827.8,0.05
0.17708379,-76.77939,-920.8,0.05
22.574032,-76.87376,-930.8,0.05
0.16118999,-76.88299,-889.2,0.05
22.787035,-77.28117,-445.6,0.05
0.06068396,-77.46419,-371.7,0.05
45.916958,-77.607376,-512.1,0.05
0.08313021,-77.55032,-882.7,0.05
0.061988294,-77.88919,-1000.0,0.05
46.278362,-77.92194,-876.8,0.05
0.054027323,-77.99827,-979.6,0.05
46.36548,-77.98276,-1000.0,0.05
46.61439,-78.1903,-758.9,0.05
0.25132707,-77.895294,-800.8,0.05
23.189152,-77.70468,-998.9,0.05
0.06666016,-77.74346,-890.1,0.05
0.13611501,-77.62448,-996.9,0.05
0.06244593,-77.51848,-710.8,0.05
45.64202,-77.18694,-539.7,0.05
45.604675,-77.31035,-562.0,0.05
0.04490486,-77.56383,-619.6,0.05
0.23035371,-77.41229,-774.6,0.05
46.411545,-77.50871,-707.4,0.05
0.078065485,-77.59391,-362.4,0.05
23.644688,-77.64556,-603.5,0.05
23.652668,-77.601944,-883.5,0.05
22.981863,-77.13873,-381.8,0.05
46.77624,-77.20938,-349.1,0.05
0.084709525,-77.185455,-913.9,0.05
22.859352,-77.22604,-555.2,0.05
23.632156,-77.57623,-603.6,0.05
0.112121336,-77.78732,-1000.0,0.05
0.10485143,-77.80935,-497.3,0.05
23.877665,-77.98862,-585.0,0.05
23.862057,-78.0003,-628.6,0.05
0.06526828,-78.14115,-844.7,0.05
0.06804842,-78.33272,-1000.0,0.05
0.093626924,-78.45426,-988.4,0.05
23.62801,-78.160034,-767.8,0.05
0.096662804,-78.19301,-414.2,0.05
94.65126,-77.97302,-1000.0,0.05
45.98926,-77.40913,-643.1,0.05
0.20141044,-77.14429,-330.6,0.05
0.14580578,-76.98078,-183.5,0.05
0.09184604,-77.0542,-281.6,0.05
45.839256,-76.912186,-242.5,0.05
22.787594,-77.18505,-806.4,0.05
0.14595157,-77.00977,-276.4,0.05
23.301794,-77.05277,-387.4,0.05
46.684597,-77.21602,-843.8,0.05
0.12750436,-77.11557,-561.8,0.05
22.892805,-77.2516,-1000.0,0.05
23.434628,-77.15299,-468.2,0.05
0.16541721,-77.46977,-986.8,0.05
23.6624,-77.68198,-553.0,0.05
0.21404006,-77.50539,-940.5,0.05
46.27837,-77.31386,-675.3,0.05
0.09144971,-77.33054,-573.8,0.05
0.16020529,-77.20679,-469.0,0.05
46.702885,-77.164665,-1000.0,0.05
0.13914011,-77.31021,-370.5,0.05
23.495485,-77.36216,-483.5,0.05
23.794395,-77.38275,-983.3,0.05
47.077377,-77.526405,-953.7,0.05
46.721577,-77.141655,-989.9,0.05
23.387383,-77.03395,-1000.0,0.05
0.18304163,-76.92847,-406.8,0.05
0.50911385,-76.50397,-287.4,0.05
23.084068,-76.63425,-464.9,0.05
68.49851,-76.27627,-318.5,0.05
45.538452,-76.25221,-973.4,0.05
22.761986,-76.129616,-509.7,0.05
0.17634307,-75.97168,-437.5,0.05
22.298489,-76.39195,-884.0,0.05
0.10726147,-76.41911,-368.9,0.05
0.23058751,-76.37513,-495.7,0.05
23.021587,-76.61336,-383.6,0.05
23.103674,-76.65462,-1000.0,0.05
0.17405485,-76.41901,-435.3,0.05
0.18778111,-76.32211,-972.4,0.05
22.371872,-76.52983,-436.8,0.05
22.968102,-76.4122,-275.0,0.05
22.976583,-76.3477,-451.7,0.05
22.945152,-76.42586,-374.6,0.05
0.18961349,-76.249626,-387.2,0.05
22.838573,-75.89112,-382.8,0.05
0.16117884,-75.95582,-347.5,0.05
0.17001268,-76.15874,-1000.0,0.05
45.227097,-75.810036,-1000.0,0.05
0.097638786,-76.009544,-484.6,0.05
45.10506,-75.83029,-358.3,0.05
22.636393,-75.97281,-309.0,0.05
22.67282,-75.78281,-1000.0,0.05
45.171654,-75.984795,-884.2,0.05
0.18095638,-75.783806,-872.2,0.05
22.56722,-75.84562,-829.0,0.05
0.131027,-75.657074,-722.4,0.05
22.602724,-75.55159,-830.2,0.05
21.97827,-75.85753,-512.8,0.05
0.06690257,-75.94797,-627.5,0.05
22.723095,-76.08586,-567.1,0.05
0.0694652,-76.26651,-540.1,0.05
0.10002522,-76.57535,-484.6,0.05
0.06603665,-76.66147,-321.4,0.05
22.954885,-76.37685,-513.0,0.05
22.35589,-76.44859,-483.0,0.05
22.993296,-76.03819,-520.5,0.05
0.09927981,-76.13786,-455.8,0.05
22.795465,-76.2731,-377.9,0.05
0.13936621,-76.16562,-523.0,0.05
22.817833,-76.2406,-1000.0,0.05
0.10304159,-76.22673,-275.9,0.05
0.2784909,-76.118614,-190.2,0.05
0.27831355,-76.02778,-581.7,0.05
22.73517,-76.114456,-582.3,0.05
45.188103,-75.80107,-449.5,0.05
21.85905,-75.425735,-357.8,0.05
0.10113818,-75.38752,-222.8,0.05
22.366207,-75.318184,-985.0,0.05
0.1875936,-75.640594,-210.3,0.05
22.456408,-75.36151,-442.6,0.05
22.52362,-75.645935,-274.1,0.05
44.632645,-75.485825,-456.6,0.05
0.23682319,-75.38648,-509.8,0.05
21.891684,-75.64833,-564.8,0.05
0.18335095,-75.56847,-440.9,0.05
0.16666937,-75.854355,-345.4,0.05
22.646194,-75.847275,-433.5,0.05
0.35538912,-75.770035,-528.8,0.05
0.33933714,-75.44534,-460.5,0.05
0.52726895,-75.05295,-417.8,0.05
21.799025,-75.16919,-271.8,0.05
44.215206,-75.024994,-593.8,0.05
44.045826,-74.95623,-1000.0,0.05
