0.39404935,0.6984987,9.6,0.9981
0.76765794,1.312108,9.4,0.9962
1.9986925,1.8088347,9.4,0.9943
1.5373657,2.0837452,9.1,0.9924
3.7958791,2.8170593,9.5,0.9905
2.959088,3.4966235,9.4,0.9886
2.6423569,4.032407,8.9,0.9867
3.3897865,4.9575315,9.7,0.9848
5.928414,5.6700335,9.3,0.9829
4.5302773,6.063941,9.5,0.981
2.094726,6.826212,9.0,0.9791
13.973896,6.9665413,9.1,0.9772
2.3923655,5.957217,9.5,0.9753000000000001
3.2133207,7.0947146,10.0,0.9734
8.398876,5.9344444,10.4,0.9715
0.91074204,6.3604803,10.4,0.9696
2.693789,6.261748,10.2,0.9677
6.2782016,5.8101196,10.5,0.9658
0.804204,6.243228,10.1,0.9639
16.114933,6.012464,10.3,0.962
0.43697867,5.837159,10.0,0.9601
0.31529185,5.782285,10.2,0.9582
0.2691034,5.4331427,10.9,0.9563
0.40311617,5.7035627,10.7,0.9544
0.2659998,5.7042055,12.2,0.9525
0.09839578,5.597936,22.1,0.9506
1.6875716,5.4451056,16.7,0.9487
0.64789003,5.931037,13.2,0.9468
1.3575029,5.2729893,13.4,0.9449
0.37614602,5.7187777,12.0,0.9430000000000001
0.99797356,6.0941324,41.4,0.9411
0.42774302,6.6676464,163.1,0.9392
0.7815547,6.4946012,151.8,0.9373
0.41596496,6.9613314,117.4,0.9354
0.5719885,4.941595,980.9,0.9335
0.35755777,6.3023,194.0,0.9316
0.059773043,4.6315,1000.0,0.9297
0.21043476,6.448852,1000.0,0.9278
1.7357919,7.0946326,1000.0,0.9259
1.1214509,5.4374504,1000.0,0.924
0.70588136,5.917268,1000.0,0.9221
0.46460193,6.9169164,608.6,0.9202
0.71657825,5.5490417,1000.0,0.9183
0.7312929,6.6149116,1000.0,0.9164
0.14400098,7.125478,1000.0,0.9145
1.1133205,5.904335,22.9,0.9126
0.1613754,7.2151704,26.0,0.9107000000000001
0.57217324,6.8024526,22.6,0.9088
0.31206197,7.1797533,92.1,0.9069
0.42994228,6.844685,429.8,0.905
0.7867697,7.807207,93.8,0.9031
0.942255,6.6704254,25.4,0.9012
0.6026915,7.2165427,44.0,0.8993
0.4290713,9.853455,127.2,0.8974
0.2768884,8.893505,24.5,0.8955
1.8134158,9.833479,122.7,0.8936
0.35501698,9.607137,281.5,0.8917
0.90997326,12.234023,338.6,0.8898
0.90591794,7.7347736,255.9,0.8879
0.9414896,8.747171,154.9,0.886
0.43202838,12.59889,156.2,0.8841
1.0265677,8.214231,172.4,0.8822
3.2669406,10.022667,163.7,0.8803
3.0392141,8.752537,66.0,0.8784000000000001
0.6363653,10.526985,178.8,0.8765000000000001
0.4798349,11.228178,155.9,0.8746
1.2869437,10.27844,130.4,0.8727
1.0395126,12.356607,167.9,0.8708
0.68076444,10.992718,151.8,0.8689
0.7333319,12.1946335,71.4,0.867
3.2673166,14.608289,77.5,0.8651
1.255333,11.820486,121.2,0.8632
0.68176234,12.154932,97.6,0.8613
0.84865856,15.314945,144.9,0.8594
2.302193,11.267876,60.7,0.8575
1.653572,13.257664,64.6,0.8556
8.210949,12.149902,158.7,0.8537
5.0160604,16.686186,117.1,0.8518
2.2733493,14.597288,71.5,0.8499
2.1264842,13.98255,162.9,0.848
6.013712,15.240406,156.8,0.8461000000000001
1.3095102,17.01589,175.3,0.8442000000000001
1.3612168,16.13856,246.2,0.8423
1.0455703,14.980829,152.8,0.8404
1.7062683,18.62933,149.7,0.8385
3.005317,16.551514,143.9,0.8366
1.0968094,14.112886,119.8,0.8347
3.2271614,16.306328,146.4,0.8328
7.927786,17.800533,201.1,0.8309
1.4019822,17.933077,115.2,0.829
9.046651,20.134785,144.2,0.8271000000000001
1.2597916,21.690458,102.3,0.8252
4.06773,19.614079,118.7,0.8233
4.6559834,16.766052,131.6,0.8214
18.88973,23.5061,184.6,0.8195
3.396515,18.794376,171.4,0.8176
22.156073,20.441963,168.6,0.8157
1.7323195,15.649935,152.8,0.8138000000000001
12.637835,20.431547,132.1,0.8119000000000001
9.481406,20.825855,133.1,0.81
5.7940774,19.77551,123.6,0.8081
3.4459372,20.089577,112.1,0.8062
4.5906954,19.855614,133.7,0.8043
3.3927577,21.263443,191.2,0.8024
9.794536,23.770208,134.0,0.8005
7.0393577,20.443295,114.4,0.7986
10.334777,21.320429,151.6,0.7967
1.7908251,26.174225,127.2,0.7948000000000001
6.9589663,15.875599,213.8,0.7929
9.306898,19.19049,97.5,0.791
4.3876944,25.01975,140.3,0.7891
13.413702,23.191223,135.1,0.7872
3.5947669,23.353138,88.6,0.7853
4.9058022,27.496605,99.5,0.7834
9.882446,26.164322,105.6,0.7815000000000001
4.331443,27.783678,139.4,0.7796000000000001
60.938572,32.140358,153.4,0.7777000000000001
9.375319,21.537212,100.4,0.7758
40.617428,22.257702,108.1,0.7739
6.4391704,23.125292,107.8,0.772
5.648032,20.326742,108.5,0.7701
6.124025,26.798494,112.5,0.7682
8.057474,33.922283,150.1,0.7663
6.017981,27.072739,118.7,0.7644
4.586004,32.554108,106.1,0.7625
23.016636,29.568884,100.2,0.7606
4.5748496,32.877644,120.6,0.7587
32.20673,30.507122,259.0,0.7568
10.810553,29.372074,105.5,0.7549
18.690872,36.80162,86.7,0.753
3.9110403,33.45364,109.1,0.7511
62.620926,31.66266,98.5,0.7492000000000001
41.446377,28.730007,92.8,0.7473000000000001
4.8644714,33.06016,111.2,0.7454000000000001
36.776833,33.5202,129.2,0.7435
5.236244,33.437756,89.7,0.7416
9.145407,42.21369,126.2,0.7397
26.068703,24.872658,149.5,0.7378
47.48821,38.540146,98.7,0.7359
5.5028467,25.240765,87.9,0.734
15.880761,33.013565,88.3,0.7321
9.814939,36.96467,89.3,0.7302
4.201389,37.559937,96.1,0.7283
5.3253345,38.165176,109.7,0.7264
15.350676,34.57389,95.1,0.7245
7.6662135,42.02463,93.9,0.7226
11.194721,52.616135,91.4,0.7207
11.539846,32.352737,86.3,0.7188000000000001
8.08869,30.484838,80.8,0.7169000000000001
5.764019,29.199749,92.0,0.7150000000000001
4.485598,53.691586,90.2,0.7131000000000001
9.663466,45.46821,87.6,0.7112
83.5374,49.985207,93.1,0.7093
50.76392,50.6716,111.8,0.7074
7.2614484,33.263176,101.7,0.7055
15.922923,46.90888,94.5,0.7036
42.421375,44.873505,95.0,0.7017
41.031715,28.731256,86.9,0.6998
4.441948,46.226776,87.0,0.6979
9.950919,41.354195,92.3,0.696
16.821117,47.273754,96.8,0.6941
5.7773075,33.886898,95.9,0.6922
140.78407,42.025406,96.9,0.6903
18.299587,28.839085,93.0,0.6884
23.749187,43.72721,89.8,0.6865000000000001
13.953554,43.064995,99.0,0.6846000000000001
141.0944,64.23898,107.9,0.6827000000000001
37.21139,40.279617,92.7,0.6808000000000001
13.099036,56.15619,99.6,0.6789000000000001
13.609574,43.565445,94.7,0.677
13.13998,47.625725,106.0,0.6751
8.529328,52.191044,117.8,0.6732
22.047764,46.815018,106.1,0.6713
69.84021,53.43145,118.6,0.6694
20.613379,55.88859,95.4,0.6675
133.5694,61.202423,111.3,0.6656
24.22353,62.897842,107.9,0.6637
12.474972,69.37737,98.7,0.6618
131.53903,48.435307,101.5,0.6599
114.86251,61.03492,98.0,0.658
6.7754865,62.645775,109.3,0.6561
17.335943,42.41838,113.5,0.6542000000000001
211.11333,55.409096,118.7,0.6523000000000001
9.420199,51.01721,116.8,0.6504000000000001
36.002796,56.05199,109.3,0.6485000000000001
7.3154626,67.447784,132.2,0.6466000000000001
76.54961,62.188545,117.8,0.6447
43.510715,53.047024,113.1,0.6428
26.739578,76.73888,116.5,0.6409
8.254538,66.06631,128.9,0.639
20.50884,59.544434,140.0,0.6371
6.0221744,62.887825,117.5,0.6352
10.543581,80.02681,109.0,0.6333
5.703454,54.676186,117.7,0.6314
9.746197,65.65097,124.1,0.6295000000000001
145.25285,54.509502,142.2,0.6276
18.243622,53.083885,130.9,0.6257
257.02805,72.36934,145.0,0.6238
88.47427,56.797817,163.9,0.6219000000000001
67.14699,90.483444,145.4,0.6200000000000001
18.358402,55.975838,129.9,0.6181000000000001
10.300213,60.804466,134.9,0.6162000000000001
126.413055,71.71269,131.9,0.6143000000000001
55.697773,70.626205,137.0,0.6124
4.701846,69.15948,127.1,0.6105
17.67048,73.53302,136.5,0.6086
2.5020583,65.51777,135.6,0.6067
14.141558,83.46105,139.6,0.6048
132.5926,69.52931,137.6,0.6029
12.767428,79.629196,131.7,0.601
92.46307,64.536545,135.5,0.5991
26.05188,78.39824,132.6,0.5972000000000001
8.750456,71.078224,133.5,0.5953
23.957516,51.630753,140.5,0.5934
20.832615,65.039474,136.3,0.5915
7.420288,85.93872,137.0,0.5896000000000001
43.68656,73.70285,148.9,0.5877000000000001
5.37863,83.00041,143.8,0.5858000000000001
160.1895,92.28965,141.0,0.5839000000000001
15.497616,76.51336,134.5,0.5820000000000001
28.87743,86.42805,134.2,0.5801000000000001
43.389885,67.46033,147.6,0.5782
9.8403015,84.40853,150.6,0.5763
16.321514,91.63364,186.8,0.5744
727.98035,93.55306,163.2,0.5725
22.407948,83.587875,144.2,0.5706
38.876186,71.65601,147.5,0.5687
21.715914,76.524704,136.4,0.5668
26.577501,81.33159,137.1,0.5649000000000001
7.2464447,89.74516,137.0,0.5630000000000001
22.143635,68.271935,142.6,0.5611
13.088015,63.68513,140.7,0.5592
17.612864,88.78789,146.9,0.5573
328.02383,105.9582,178.3,0.5554000000000001
198.00531,89.31,190.5,0.5535000000000001
17.507519,74.10216,162.5,0.5516000000000001
198.1314,82.39179,145.9,0.5497000000000001
31.782642,66.29054,150.5,0.5478000000000001
211.0629,88.5181,152.2,0.5459
303.07315,93.31662,150.5,0.544
28.968807,75.090385,124.4,0.5421
30.665585,70.2574,116.1,0.5402
42.469326,77.07281,118.7,0.5383
20.32364,90.837524,113.0,0.5364
38.736866,94.68689,115.7,0.5345
32.049934,87.644714,113.0,0.5326000000000001
134.21967,104.19826,126.1,0.5307000000000001
205.31369,90.28492,132.8,0.5288
361.6332,78.34102,131.7,0.5269
383.66702,83.007416,128.3,0.525
27.272663,114.90167,126.9,0.5231000000000001
36.71485,92.40474,135.1,0.5212000000000001
2291.716,116.040215,123.0,0.5193000000000001
23.598911,80.19319,136.9,0.5174000000000001
46.87362,94.550224,147.6,0.5155000000000001
90.92007,106.12861,154.1,0.5136000000000001
17.239532,75.2341,156.5,0.5117
151.13144,104.37915,189.5,0.5098
24.86777,96.33792,164.7,0.5079
46.69979,102.44859,158.6,0.506
17.212227,117.71739,153.2,0.5041
850.36896,99.37273,144.5,0.5022
66.16775,102.61011,150.2,0.5003000000000001
93.80192,121.764984,145.9,0.49840000000000007
673.8048,75.7328,114.1,0.49650000000000005
38.39653,126.03284,118.0,0.49460000000000004
40.201332,107.919754,115.7,0.4927
76.65123,128.27629,149.5,0.4908
27.121418,120.50479,151.5,0.4889
268.27444,105.95238,118.3,0.4870000000000001
410.8874,99.08122,114.3,0.4851000000000001
84.06739,107.73622,119.4,0.4832000000000001
178.72194,122.659164,109.0,0.48130000000000006
54.41791,101.515366,103.7,0.47940000000000005
68.67198,124.048454,100.4,0.47750000000000004
28.155687,117.73792,116.6,0.4756
38.278214,116.42569,109.1,0.4737
20.470781,111.94127,111.3,0.4718000000000001
29.917677,118.62286,115.0,0.4699000000000001
19.400578,105.12895,111.3,0.4680000000000001
57.134773,132.39859,108.7,0.46610000000000007
200.6857,125.09928,106.0,0.46420000000000006
218.125,116.87793,104.8,0.46230000000000004
84.510605,128.64594,91.2,0.46040000000000003
50.90383,127.85235,89.4,0.4585
42.83535,116.22308,103.3,0.4566
44.27102,134.48059,118.5,0.4547000000000001
35.513557,135.18889,94.5,0.4528000000000001
409.8426,136.97078,98.2,0.4509000000000001
23.431534,144.42773,99.0,0.44900000000000007
35.284454,104.32858,98.7,0.44710000000000005
634.15936,105.03252,113.9,0.44520000000000004
28.54449,146.8169,93.7,0.4433
35.60343,122.53137,103.4,0.4414
322.188,109.0424,119.9,0.4395
26.063145,142.10109,106.7,0.4376000000000001
40.22553,141.92856,98.1,0.4357000000000001
29.28377,133.23918,102.6,0.4338000000000001
28.641277,111.9892,112.5,0.43190000000000006
102.77895,143.55113,110.5,0.43000000000000005
55.89373,118.666275,103.8,0.42810000000000004
38.000298,130.7888,107.5,0.4262
500.2372,133.99379,107.6,0.4243
101.50206,127.02686,110.2,0.4224000000000001
55.05021,119.60912,107.6,0.4205000000000001
1012.5024,149.1452,98.1,0.4186000000000001
50.883152,150.7829,104.2,0.41670000000000007
78.69835,144.36095,104.4,0.41480000000000006
36.78759,154.28552,97.4,0.41290000000000004
55.015797,148.24405,90.3,0.41100000000000003
43.732384,131.14258,95.9,0.4091
34.190735,124.797485,93.0,0.4072
175.47617,125.63218,96.2,0.4053000000000001
28.48597,121.90201,90.6,0.4034000000000001
487.93665,153.83678,95.0,0.4015000000000001
129.55971,119.22961,96.3,0.39960000000000007
321.6324,148.04631,95.4,0.39770000000000005
15.137688,156.44225,90.0,0.39580000000000004
26.081745,158.96338,89.9,0.39390000000000003
55.432472,156.01341,90.1,0.392
63.28182,162.83499,91.6,0.3901000000000001
44.15973,143.975,92.8,0.3882000000000001
63.96621,122.880356,104.6,0.3863000000000001
45.893215,143.15375,99.7,0.3844000000000001
34.00549,131.45668,102.9,0.38250000000000006
784.3586,120.629585,99.2,0.38060000000000005
45.957695,149.3421,94.7,0.37870000000000004
68.271194,124.52605,100.8,0.3768
39.05035,154.90222,95.1,0.3749
40.52881,157.69577,92.5,0.3730000000000001
73.67557,113.32616,96.0,0.3711000000000001
40.200615,140.52232,90.5,0.3692000000000001
29.121721,134.92575,100.5,0.36730000000000007
37.195683,145.1347,115.4,0.36540000000000006
153.00171,118.52861,90.1,0.36350000000000005
23.986832,146.97026,86.9,0.36160000000000003
26.499157,129.39574,94.7,0.3597
24.76227,140.945,82.6,0.3578000000000001
65.31237,97.85211,83.2,0.3559000000000001
295.90042,134.51534,85.3,0.3540000000000001
51.34593,88.856384,85.6,0.3521000000000001
33.044178,125.67775,91.0,0.35020000000000007
64.0865,145.11566,87.8,0.34830000000000005
23.473343,134.30225,94.0,0.34640000000000004
429.1479,129.62517,82.6,0.34450000000000003
16.192974,101.54422,81.5,0.3426
4252.4136,140.86575,80.2,0.3407000000000001
32.378426,125.09715,71.8,0.3388000000000001
334.30103,94.18898,75.8,0.3369000000000001
55.750645,118.10213,75.0,0.3350000000000001
28.90252,153.54489,75.6,0.33310000000000006
24.269619,93.57756,79.2,0.33120000000000005
21.096327,101.94714,78.3,0.32930000000000004
12.892548,96.638596,78.8,0.3274
1811.8688,121.895386,76.9,0.3255000000000001
12.641549,88.832184,77.1,0.3236000000000001
86.52933,104.53995,72.4,0.3217000000000001
16.936192,101.93246,72.6,0.3198000000000001
17.682056,119.01848,67.5,0.31790000000000007
32.94137,119.586655,74.8,0.31600000000000006
19.625145,106.81094,71.4,0.31410000000000005
26.671022,113.8207,73.9,0.31220000000000003
70.1575,88.958115,75.7,0.3103
329.99185,95.390686,67.6,0.3084000000000001
16.355858,57.899254,74.8,0.3065000000000001
15.2396345,104.479034,73.4,0.3046000000000001
25.586002,111.35358,73.8,0.3027000000000001
32.54477,103.69774,71.6,0.30080000000000007
56.65971,94.19763,71.2,0.29890000000000005
15.7066765,71.23001,67.9,0.29700000000000004
23.0498,83.64938,69.9,0.29510000000000003
31.973583,84.372444,64.7,0.2932
16.647528,94.00903,67.8,0.2913000000000001
10.837233,87.44504,68.6,0.2894000000000001
15.211312,99.13109,70.6,0.2875000000000001
10.335247,90.96346,70.5,0.2856000000000001
21.277637,78.2177,69.7,0.28370000000000006
38.864872,64.86941,72.1,0.28180000000000005
9.906873,77.68445,70.8,0.27990000000000004
32.793865,83.48426,69.3,0.278
15.565604,70.269196,73.8,0.2761000000000001
9.905755,83.3746,81.8,0.2742000000000001
2342.2065,83.522095,85.7,0.2723000000000001
106.876755,77.81601,81.1,0.2704000000000001
22.564413,73.78395,84.2,0.26850000000000007
23.702782,72.5076,81.9,0.26660000000000006
10.803261,78.40796,84.3,0.26470000000000005
13.740523,63.182266,101.5,0.26280000000000003
26.965725,65.45244,103.7,0.2609
100.044235,62.023403,105.2,0.2590000000000001
15.990514,74.7677,114.2,0.2571000000000001
16.353897,80.775696,112.7,0.2552000000000001
23.681602,57.800404,110.4,0.2533000000000001
21.390245,90.426636,124.8,0.25140000000000007
12.8559,63.01412,152.1,0.24950000000000006
114.88704,77.86005,131.5,0.24760000000000004
9.192124,71.506134,166.4,0.24570000000000003
8.383612,62.72784,181.0,0.24380000000000013
1818.195,71.62039,188.9,0.24190000000000011
8.485902,76.056404,149.5,0.2400000000000001
34.506683,73.923515,240.8,0.2381000000000001
25.045063,84.05606,207.3,0.23620000000000008
1191.9452,71.473045,217.6,0.23430000000000006
23.382896,64.245316,191.0,0.23240000000000005
5.5034423,50.79284,210.3,0.23050000000000004
13.666909,76.50462,196.4,0.22860000000000003
19.680166,45.32799,201.0,0.22670000000000012
5.5554876,54.029842,188.2,0.2248000000000001
8.674314,51.97254,202.4,0.2229000000000001
7.222663,64.610504,207.9,0.22100000000000009
4.7978473,49.454002,205.1,0.21910000000000007
86.0461,45.840557,197.8,0.21720000000000006
19.662216,39.11361,222.0,0.21530000000000005
201.202,51.221985,214.2,0.21340000000000003
3.6696963,66.05939,204.1,0.21150000000000013
11.865524,43.80171,211.8,0.20960000000000012
10.701632,51.721954,219.5,0.2077000000000001
15.189072,69.6266,187.9,0.2058000000000001
2.8706563,74.760704,229.2,0.20390000000000008
1353.9517,84.83046,139.0,0.20200000000000007
20.302011,77.269295,236.7,0.20010000000000006
32.20942,92.21586,224.5,0.19820000000000004
9.449785,76.90541,237.9,0.19630000000000003
15.554535,69.1358,227.4,0.19440000000000013
2.2582808,60.344486,239.9,0.19250000000000012
5.704561,58.44072,210.4,0.1906000000000001
1.7995682,72.936295,227.0,0.1887000000000001
2.3972428,57.49456,238.2,0.18680000000000008
1.2343085,65.04515,239.0,0.18490000000000006
4.6525183,70.539536,230.8,0.18300000000000005
5.9580965,62.287388,242.9,0.18110000000000004
2.143163,61.636444,201.2,0.17920000000000014
3.2601833,74.632385,228.4,0.17730000000000012
3.3577604,69.825775,197.5,0.1754000000000001
7.0190277,61.868183,241.8,0.1735000000000001
12.474266,66.06261,224.5,0.17160000000000009
2.3766592,58.25456,240.6,0.16970000000000007
69.98929,51.501755,238.6,0.16780000000000006
6.010203,57.178238,262.9,0.16590000000000005
3.379176,48.14216,259.8,0.16400000000000003
1.5727537,61.43725,245.5,0.16210000000000013
69.563614,63.694855,236.0,0.16020000000000012
75.73236,70.72804,272.2,0.1583000000000001
1.1359141,63.84634,232.7,0.1564000000000001
1.0488925,64.18681,265.5,0.15450000000000008
2.4742289,57.73358,256.8,0.15260000000000007
6.136393,45.7296,238.0,0.15070000000000006
2.0570722,63.29,243.9,0.14880000000000004
2.6072206,61.30519,252.1,0.14690000000000014
1.0214728,61.348244,237.4,0.14500000000000013
1.2511694,57.853813,244.8,0.14310000000000012
6.289989,59.75924,246.1,0.1412000000000001
0.9885938,59.163235,263.8,0.1393000000000001
1.1476873,55.299828,247.8,0.13740000000000008
1.2431624,53.09955,254.5,0.13550000000000006
1.3108194,52.835663,250.5,0.13360000000000005
0.8262804,56.493664,251.7,0.13170000000000004
0.38665915,55.574097,271.0,0.12980000000000014
0.9803432,51.936165,254.2,0.12790000000000012
1.1979492,56.423035,277.6,0.1260000000000001
0.701352,54.5961,270.8,0.1241000000000001
0.6721245,58.528572,292.6,0.12220000000000009
1.2304683,62.089863,269.3,0.12030000000000007
1.5585823,53.52681,290.5,0.11840000000000006
1.5987824,53.748074,276.9,0.11650000000000005
1.2985551,65.32709,307.9,0.11460000000000004
0.52241516,68.123856,319.9,0.11270000000000013
0.96498466,61.06635,293.5,0.11080000000000012
1.8473924,59.541664,278.8,0.10890000000000011
1.1384392,61.345657,279.5,0.1070000000000001
2.5315256,55.602715,275.3,0.10510000000000008
0.47604817,63.803734,284.4,0.10320000000000007
0.48137707,59.423172,301.9,0.10130000000000006
0.71672595,64.554,306.6,0.09940000000000004
0.4295482,61.207882,277.3,0.09750000000000014
0.6464251,59.1997,322.3,0.09560000000000013
0.5502076,58.699104,299.9,0.09370000000000012
1.9561086,56.04518,314.4,0.0918000000000001
0.61786705,57.41015,318.4,0.08990000000000009
0.4761548,61.035786,344.7,0.08800000000000008
0.42392075,60.84442,355.9,0.08610000000000007
0.5552874,61.945606,334.3,0.08420000000000005
0.6236798,66.01184,337.2,0.08230000000000004
2.9360635,62.898785,353.5,0.08040000000000014
3.3421378,58.391415,386.5,0.07850000000000013
0.24519005,59.739685,359.5,0.07660000000000011
2.7167687,61.19954,372.0,0.0747000000000001
3.2821536,61.51335,379.3,0.07280000000000009
0.28205925,62.11384,381.7,0.07090000000000007
0.3634115,65.27748,400.3,0.06900000000000006
0.3439828,63.58055,429.4,0.06710000000000005
0.41409773,63.206074,447.0,0.06520000000000015
1.4490166,60.38004,447.7,0.06330000000000013
0.26113486,75.61241,444.7,0.06140000000000012
0.2854821,72.12453,495.6,0.05950000000000011
0.31658468,69.57469,644.5,0.057600000000000096
0.36583483,69.48126,562.6,0.05570000000000008
0.50243306,78.051094,524.9,0.05380000000000007
0.40183827,77.981186,786.7,0.05190000000000006
241.8068,80.09688,749.2,0.050000000000000044
1.9664483,87.118744,750.2,0.05
1.2360384,87.95154,514.4,0.05
1.1074052,85.69026,394.5,0.05
1.2297702,85.89674,376.5,0.05
1.2140093,89.70207,695.5,0.05
307.02063,102.109726,338.6,0.05
1.9107983,108.89859,436.7,0.05
154.38516,94.927246,468.0,0.05
181.91269,96.53932,463.7,0.05
24.702646,94.580795,307.4,0.05
2.750776,109.51749,400.8,0.05
3.1660945,97.428925,424.4,0.05
25.36056,88.9612,397.3,0.05
2.1839616,86.14025,466.6,0.05
2.292825,87.59325,389.5,0.05
2.91296,91.2203,379.3,0.05
2.665862,88.4871,559.2,0.05
1.702935,78.26872,292.8,0.05
1.7749621,84.675316,343.6,0.05
4.110001,64.72443,420.5,0.05
2.583209,81.74594,421.0,0.05
1.700236,78.688866,397.9,0.05
1.0298963,61.512913,332.4,0.05
2.4944174,71.936966,359.7,0.05
0.531011,69.91994,335.9,0.05
2.7734249,72.71413,345.3,0.05
3.6622128,62.821903,363.7,0.05
1.503679,64.89082,344.7,0.05
0.68899626,66.64612,340.3,0.05
2.3508372,61.754265,347.0,0.05
1.0754131,72.14299,359.2,0.05
0.74214315,76.52493,304.5,0.05
1.3653392,62.968685,334.8,0.05
0.52842504,64.66812,288.6,0.05
1.1844134,72.427155,264.6,0.05
0.531909,69.57912,268.8,0.05
4.831954,48.94306,353.1,0.05
0.8527977,67.816025,334.9,0.05
0.44679546,61.761036,325.0,0.05
0.3755533,57.141273,218.9,0.05
1.3370636,61.19618,243.3,0.05
3.2328,67.32961,285.4,0.05
3.5046656,61.51937,270.2,0.05
0.9850068,61.115738,318.1,0.05
1.937958,68.68484,271.8,0.05
0.35845286,68.28148,255.2,0.05
1.0074916,61.95845,265.8,0.05
1.0480714,58.180702,304.6,0.05
1.4510055,56.37862,256.4,0.05
0.698719,70.52851,287.7,0.05
0.49583167,63.187572,357.2,0.05
1.0610523,63.919304,215.1,0.05
1.3971488,60.12224,206.2,0.05
0.44489843,55.48875,356.2,0.05
1.3292338,57.664467,240.1,0.05
6.1564074,50.77476,258.4,0.05
3.4314055,52.793762,270.5,0.05
1.1070724,60.575935,274.1,0.05
1.1310676,54.270576,332.0,0.05
0.7696373,68.95743,325.8,0.05
0.43935186,67.023926,296.9,0.05
0.62025565,71.144424,228.6,0.05
0.70253766,53.614098,342.2,0.05
0.81115884,64.23828,272.4,0.05
1.4284439,53.623886,279.9,0.05
0.6961068,62.80088,299.7,0.05
3.2044399,56.44037,272.8,0.05
0.68312275,65.83,290.9,0.05
0.5687134,52.799435,301.8,0.05
0.5083483,57.993477,292.3,0.05
0.4064716,65.149124,296.2,0.05
8.264904,60.96633,265.7,0.05
0.49639454,57.18696,329.2,0.05
0.3552153,55.068794,287.7,0.05
0.27351922,68.834595,289.5,0.05
0.5996892,62.421867,307.6,0.05
0.65829414,58.653717,299.1,0.05
0.5178399,47.681595,308.9,0.05
0.17450508,59.015625,286.4,0.05
0.49311125,64.13818,294.3,0.05
9.661236,61.864586,301.3,0.05
0.17073241,57.695274,270.9,0.05
0.72230995,58.573883,345.9,0.05
10.698987,57.411087,307.3,0.05
0.25919282,57.023567,264.0,0.05
0.31556135,56.01441,315.2,0.05
0.27458388,63.314346,289.4,0.05
0.7495215,57.36141,348.2,0.05
21.924238,55.680283,296.6,0.05
0.7231734,65.00071,323.1,0.05
0.33078426,60.282883,288.1,0.05
0.7480103,55.93475,274.9,0.05
1.5098093,57.20803,312.5,0.05
8.856623,60.56702,270.5,0.05
0.87300557,48.421875,305.1,0.05
0.4426135,55.307854,272.1,0.05
0.45815027,52.99041,300.9,0.05
0.52470106,60.38784,272.9,0.05
0.26524195,56.82194,281.1,0.05
0.25108272,64.59088,264.8,0.05
0.55889666,67.965836,283.2,0.05
0.3683265,59.30636,279.4,0.05
0.6049703,59.587357,288.3,0.05
5.882113,54.186893,255.5,0.05
0.49104136,59.87098,258.1,0.05
0.26525247,55.647327,254.1,0.05
0.31470555,57.52807,283.3,0.05
0.44486195,61.075905,231.6,0.05
0.8888763,59.597664,258.5,0.05
0.78542244,58.59983,231.5,0.05
0.29510748,61.069366,286.6,0.05
5.803904,58.48893,255.1,0.05
0.22939274,53.57023,290.3,0.05
0.39936954,51.380787,276.3,0.05
0.27064478,61.185555,271.9,0.05
0.41396487,67.1396,263.0,0.05
0.31400484,53.266968,279.9,0.05
6.4733834,56.829548,279.4,0.05
0.2478594,55.67331,263.1,0.05
0.23208942,51.990055,262.3,0.05
0.3326584,51.97181,273.6,0.05
2.7461705,53.294662,274.2,0.05
0.16064787,45.227837,248.5,0.05
0.49499923,58.659294,276.4,0.05
0.5163285,59.63517,244.8,0.05
0.5607788,53.140087,276.5,0.05
0.3077705,59.49398,279.0,0.05
3.2331223,61.83711,233.4,0.05
0.57554364,44.10386,291.7,0.05
0.33654398,60.44713,217.6,0.05
0.316889,56.314507,257.9,0.05
0.37809226,53.82317,231.5,0.05
0.4056352,50.303246,244.5,0.05
0.11068006,59.639137,235.4,0.05
0.269966,53.875877,239.3,0.05
0.2491503,56.759483,215.0,0.05
0.37502855,55.804134,234.9,0.05
0.32406467,59.790413,216.3,0.05
0.17395364,57.24832,235.4,0.05
0.4804778,59.974293,223.4,0.05
0.44479904,59.30205,210.2,0.05
0.19964644,55.0547,239.3,0.05
0.14156432,46.262096,211.6,0.05
1.3283126,52.161953,237.0,0.05
0.6911639,51.452118,214.2,0.05
1.6753975,50.34095,224.2,0.05
0.18105742,57.111168,210.0,0.05
0.21125793,59.650642,247.9,0.05
0.15562707,47.35527,215.6,0.05
0.2305179,62.797348,232.0,0.05
0.11637254,59.463448,225.5,0.05
0.10588454,46.88169,228.0,0.05
0.11268318,56.895157,219.3,0.05
0.15462954,54.43612,233.7,0.05
0.16091388,62.321632,226.3,0.05
0.06934154,55.97913,232.7,0.05
0.11873408,59.96018,224.8,0.05
0.11671652,52.2716,246.0,0.05
0.23111923,63.884106,233.2,0.05
0.2920896,62.72246,239.6,0.05
0.27635244,64.32431,241.3,0.05
0.5479408,58.866722,238.8,0.05
0.91875124,57.7507,207.4,0.05
0.18932423,55.872986,270.6,0.05
0.30388564,46.844177,232.7,0.05
0.17767303,51.60215,251.4,0.05
0.08104107,52.54654,237.3,0.05
0.7650068,51.13588,251.0,0.05
0.12161665,56.336594,240.6,0.05
0.083873995,55.339115,243.9,0.05
0.23105234,49.362064,228.6,0.05
0.23232439,55.686737,245.2,0.05
0.1761973,54.171272,234.2,0.05
0.12310027,58.114105,252.9,0.05
0.16168736,56.714993,247.6,0.05
0.17725159,49.551315,245.2,0.05
0.09382416,52.1444,245.7,0.05
0.090608194,52.555656,251.9,0.05
0.049336083,58.84049,249.3,0.05
0.042396072,43.864716,264.8,0.05
0.0725552,48.979027,259.8,0.05
0.17375186,45.829338,253.6,0.05
0.10946606,48.3139,255.9,0.05
0.08100554,47.74634,260.1,0.05
0.27145892,50.00104,260.0,0.05
0.16973504,62.712433,254.3,0.05
0.05003007,48.529034,255.3,0.05
0.10266189,56.75394,271.7,0.05
0.04938119,55.53228,265.4,0.05
0.12305863,55.218258,246.6,0.05
0.07671748,44.020245,274.5,0.05
0.05136926,44.913857,263.7,0.05
0.078909785,52.375214,266.9,0.05
0.12532312,50.029934,247.9,0.05
0.1671282,47.153,272.9,0.05
0.06924176,55.62672,256.2,0.05
0.14763013,48.007156,263.4,0.05
0.09830825,46.539577,256.9,0.05
0.11359435,50.44026,261.6,0.05
0.08947285,55.519844,263.8,0.05
0.029481813,57.139427,268.2,0.05
0.1173597,54.010273,270.3,0.05
0.13975826,54.740036,273.5,0.05
0.05722519,48.512825,255.0,0.05
0.09272331,47.693153,274.1,0.05
0.18234041,57.72137,272.0,0.05
0.06434508,46.17105,279.3,0.05
0.044715956,55.920883,262.9,0.05
0.04039075,56.499214,266.0,0.05
0.075878374,50.989204,270.1,0.05
0.044950172,51.608574,271.5,0.05
0.047242824,56.167763,264.7,0.05
0.052042387,46.913307,268.6,0.05
0.026029408,61.89036,298.8,0.05
0.07555167,50.626534,292.7,0.05
0.08454855,41.76464,296.2,0.05
0.037263528,52.402103,295.7,0.05
0.051071778,42.854507,297.0,0.05
0.074570745,56.428818,309.3,0.05
0.06964099,57.522705,313.5,0.05
0.07454021,53.20461,327.9,0.05
0.12987414,59.560028,345.3,0.05
0.15269873,46.35138,348.0,0.05
0.086261556,54.273483,339.8,0.05
0.08706853,52.430695,432.0,0.05
0.0668167,61.588898,356.9,0.05
0.06871862,53.388557,325.7,0.05
0.14342928,62.423904,370.8,0.05
0.20534861,54.821823,371.9,0.05
0.12713215,64.295456,395.8,0.05
0.08202415,59.13627,381.9,0.05
0.11469735,62.418186,504.7,0.05
0.10692881,57.444798,557.7,0.05
0.2653239,66.10956,338.6,0.05
0.14384845,67.07819,687.9,0.05
0.3579551,58.3488,343.6,0.05
0.583251,73.1605,542.8,0.05
0.2357668,57.03532,314.7,0.05
5.811674,50.507034,335.6,0.05
0.073624454,62.62861,309.3,0.05
0.091183834,46.9849,356.0,0.05
0.1093904,60.088264,297.6,0.05
0.27522117,50.54222,339.0,0.05
0.082872294,59.253536,326.6,0.05
0.18504284,52.494804,310.0,0.05
0.04515864,49.366646,344.9,0.05
0.084481165,52.211952,329.2,0.05
0.06094791,54.670013,323.9,0.05
0.08256207,53.707977,333.4,0.05
0.24641715,66.205635,343.3,0.05
0.045713514,62.260143,352.0,0.05
0.07998838,55.037918,373.0,0.05
0.04978074,54.948814,356.2,0.05
0.07261131,63.327137,366.7,0.05
0.10319181,53.524055,354.3,0.05
0.060418136,56.452106,344.0,0.05
0.04922475,52.43119,344.2,0.05
0.15236709,56.518936,346.1,0.05
0.10152266,54.16961,367.1,0.05
0.025560107,52.963493,347.9,0.05
0.2632578,53.64035,385.9,0.05
0.13074595,54.16693,367.9,0.05
0.061512746,61.88061,401.0,0.05
0.04206731,47.94187,418.2,0.05
0.07601707,64.77309,404.9,0.05
0.070399806,56.566147,447.0,0.05
0.07173799,60.48486,364.3,0.05
0.10902231,52.5445,351.9,0.05
0.06773323,45.098015,378.0,0.05
0.087339625,58.71186,399.7,0.05
0.17564005,47.784607,375.6,0.05
0.060633205,57.60547,397.1,0.05
0.05266147,55.03975,403.9,0.05
0.2630042,43.624413,437.4,0.05
0.18310326,54.696625,376.4,0.05
0.059165817,45.201553,375.8,0.05
0.08227326,56.31185,423.5,0.05
0.045461033,54.095207,397.7,0.05
0.041412696,56.940006,455.8,0.05
0.044573054,53.377853,466.9,0.05
0.078546256,55.738213,353.1,0.05
0.04538986,58.552467,442.5,0.05
0.042112347,56.147865,375.9,0.05
0.016630094,55.720364,407.1,0.05
0.035026543,61.276134,434.6,0.05
0.027197596,50.694603,438.4,0.05
0.05411479,50.930588,370.4,0.05
0.048271187,52.339653,427.6,0.05
0.0243742,56.90092,416.4,0.05
0.026388941,55.65622,404.6,0.05
0.050296772,51.628914,444.8,0.05
0.0255405,63.19953,490.7,0.05
0.039144684,60.491013,425.5,0.05
0.05610639,51.604942,447.5,0.05
0.052122816,52.52134,458.6,0.05
0.15529673,49.925423,381.0,0.05
0.121727854,51.917953,418.0,0.05
0.029890286,60.705772,434.6,0.05
0.08295737,60.91044,377.8,0.05
0.10841888,55.355095,456.3,0.05
0.033144336,59.657104,428.9,0.05
0.097413994,68.00834,413.3,0.05
0.05191563,57.12587,414.4,0.05
0.024376806,56.019287,399.6,0.05
0.03704081,51.841896,410.0,0.05
0.04317598,51.119064,388.8,0.05
0.021921957,59.695824,390.4,0.05
0.029461136,57.700394,406.7,0.05
0.0156039,64.98857,413.8,0.05
0.019630779,69.9161,405.6,0.05
0.025871828,54.832424,405.2,0.05
0.048000768,62.135887,411.7,0.05
0.054320168,61.68541,369.0,0.05
0.062098928,61.595745,379.7,0.05
0.13357456,56.96697,376.0,0.05
0.046190538,61.095192,388.9,0.05
0.035794307,65.40227,381.9,0.05
0.022295445,62.427326,399.5,0.05
0.022048065,64.96193,404.2,0.05
0.031111453,47.120018,411.0,0.05
0.034538038,52.954273,378.4,0.05
0.022439675,61.084415,381.0,0.05
0.06035675,58.525154,388.4,0.05
0.1008596,57.191376,380.8,0.05
0.027469087,61.603104,385.9,0.05
0.04313899,59.882294,385.6,0.05
0.08190498,59.279045,388.4,0.05
0.017800894,59.746284,383.7,0.05
0.021041084,64.16954,393.0,0.05
0.019907638,58.108444,411.5,0.05
0.026979148,48.96544,375.5,0.05
0.026164468,56.361633,433.1,0.05
0.115707204,53.71009,387.0,0.05
0.0270435,60.57526,357.3,0.05
0.04572003,58.34491,373.3,0.05
0.04013017,56.829147,386.7,0.05
0.056010153,50.062218,392.8,0.05
0.052311532,56.98414,341.2,0.05
0.020866897,57.87915,354.9,0.05
0.024365352,48.753036,361.1,0.05
0.03176454,60.082382,389.4,0.05
0.01602221,58.914616,341.3,0.05
0.012544819,62.28112,394.0,0.05
0.022057366,52.55111,359.3,0.05
0.08245137,52.51749,369.1,0.05
0.033717263,54.10182,360.5,0.05
0.06024353,60.974113,335.0,0.05
0.06009249,53.483307,350.8,0.05
0.02636895,54.07154,372.1,0.05
0.042191662,49.76628,374.4,0.05
0.03634786,60.118286,329.8,0.05
0.044520542,53.27391,330.2,0.05
0.074688785,54.335606,348.9,0.05
0.076436505,54.119835,315.6,0.05
0.041587934,51.321312,308.9,0.05
0.047138385,50.854355,313.7,0.05
0.09761239,57.15956,329.9,0.05
0.06674079,50.568855,323.7,0.05
0.053737175,61.263466,266.5,0.05
0.079858,65.22789,274.8,0.05
0.12665658,58.809013,306.8,0.05
0.2622384,52.622677,300.0,0.05
0.07412869,55.515835,327.4,0.05
0.03522699,56.549305,281.3,0.05
0.031749286,54.862247,269.4,0.05
0.062979475,53.886463,271.4,0.05
0.18586655,45.53978,269.6,0.05
0.04973752,46.52852,258.2,0.05
0.062275447,59.725563,264.0,0.05
0.05497358,49.72721,267.9,0.05
0.046975516,44.560753,258.3,0.05
0.03922349,48.487732,249.4,0.05
0.11623521,41.84488,240.8,0.05
0.13711295,39.106503,256.2,0.05
0.0796741,47.216843,226.2,0.05
0.027038127,53.541893,243.6,0.05
0.06749792,53.72783,245.4,0.05
0.026583984,46.012844,243.1,0.05
0.03524659,54.03818,238.3,0.05
0.079751156,55.531708,240.5,0.05
0.11420362,51.652306,216.1,0.05
0.21653575,46.753586,211.2,0.05
0.036307253,41.254272,204.0,0.05
0.039165735,41.74092,207.8,0.05
0.0282403,41.7696,208.1,0.05
0.050405107,48.40934,209.3,0.05
0.032190725,54.27416,210.8,0.05
0.066120796,51.961945,216.5,0.05
0.7949967,42.901154,225.4,0.05
0.030365348,52.04322,225.8,0.05
0.043334767,51.053505,224.0,0.05
0.03567043,55.475746,217.3,0.05
0.054161426,55.985992,224.9,0.05
0.046397887,46.7024,217.1,0.05
0.075568505,47.61518,238.1,0.05
0.06446246,52.989006,213.4,0.05
0.040680684,40.61107,214.3,0.05
0.055778716,53.17965,207.8,0.05
0.16221364,41.14686,228.2,0.05
0.047876112,53.578465,206.4,0.05
0.034800343,52.479492,206.5,0.05
0.06629429,42.355347,233.4,0.05
0.065954,41.06729,227.7,0.05
0.07202395,49.996395,211.1,0.05
0.029966395,49.400246,229.0,0.05
0.057788774,48.82841,225.6,0.05
0.04060321,55.445343,229.2,0.05
0.04733427,41.51281,233.5,0.05
0.021660408,51.943913,233.8,0.05
0.06292656,50.73577,249.2,0.05
0.029849846,48.803944,249.0,0.05
0.017182002,59.415215,255.4,0.05
0.039962474,51.88039,258.4,0.05
0.01846812,47.441093,250.8,0.05
0.042625893,52.20346,276.6,0.05
0.02977323,57.420174,281.4,0.05
0.040341042,52.62738,250.0,0.05
0.069794215,44.958973,245.7,0.05
0.029342566,48.473175,299.8,0.05
0.03273596,52.873413,306.1,0.05
0.020326851,64.54083,303.4,0.05
0.029255582,58.12855,334.7,0.05
0.02831488,57.531624,274.7,0.05
0.02996118,51.08782,287.0,0.05
0.043387998,52.183037,291.9,0.05
0.014128277,49.245956,299.2,0.05
0.055131838,55.91957,287.6,0.05
0.024185376,51.045383,318.9,0.05
0.020805854,52.808517,290.7,0.05
0.04316651,48.715782,310.6,0.05
0.022275735,53.692543,304.6,0.05
0.035610836,62.88378,318.6,0.05
0.02136687,46.114426,327.1,0.05
0.11274484,44.04794,334.5,0.05
0.036268093,56.073853,343.8,0.05
0.044867404,55.089096,336.9,0.05
0.028503891,48.919,316.3,0.05
0.042780984,58.18922,386.8,0.05
0.020711642,54.871796,356.0,0.05
0.095897645,56.925606,332.3,0.05
0.11308989,62.673965,320.2,0.05
0.026260305,59.617977,329.1,0.05
0.023787994,51.895893,324.2,0.05
0.06257546,53.40171,357.5,0.05
0.0446852,48.148674,371.0,0.05
0.035705984,46.205574,350.9,0.05
0.06854044,52.16188,414.6,0.05
0.0202862,59.143005,431.7,0.05
0.052779015,57.0879,393.1,0.05
0.031192746,56.11683,351.4,0.05
0.08482422,60.04037,398.4,0.05
0.037314765,54.088375,386.1,0.05
0.017112289,50.02144,376.7,0.05
0.019797802,60.722515,409.3,0.05
0.01315172,47.154747,387.5,0.05
0.03570684,62.59648,437.7,0.05
3.49931,54.87059,365.5,0.05
0.09614988,61.005695,337.3,0.05
0.20241001,66.27595,500.0,0.05
29.36921,75.01385,120.6,0.05
1.2639601,72.300446,991.1,0.05
0.08986181,72.55036,341.3,0.05
0.12808889,61.40395,664.1,0.05
0.06930852,50.042957,619.4,0.05
0.03238347,61.586594,458.1,0.05
0.11618886,52.820198,620.4,0.05
0.055358592,51.228806,434.2,0.05
0.2399253,66.3147,608.7,0.05
0.0991638,57.525154,384.6,0.05
0.04445512,61.43138,705.0,0.05
0.042315617,60.26468,413.3,0.05
0.09225079,61.30535,481.7,0.05
0.058037106,58.292755,470.8,0.05
0.07989403,52.374752,413.3,0.05
0.06588398,57.442234,485.1,0.05
0.041599777,61.504097,483.9,0.05
0.029349577,53.983444,401.0,0.05
0.040046237,59.42949,456.3,0.05
0.046426542,59.946846,438.7,0.05
0.053472638,62.91939,414.0,0.05
0.023635563,58.623066,420.9,0.05
0.017886821,60.27081,432.0,0.05
0.023094827,59.062656,410.4,0.05
0.030484244,51.347366,414.8,0.05
0.022330696,58.663593,438.3,0.05
0.0242371,54.69446,433.8,0.05
0.028599765,59.40186,403.4,0.05
0.07631624,51.03642,485.4,0.05
0.041857734,61.355316,414.6,0.05
0.017378237,58.907074,416.9,0.05
0.043194108,59.05167,446.1,0.05
0.022495309,61.139706,523.8,0.05
0.032514833,65.558914,441.2,0.05
0.082996294,55.794243,428.6,0.05
0.036005747,64.36526,469.4,0.05
0.054873224,48.53691,447.3,0.05
0.08356844,68.02829,473.0,0.05
0.030747041,62.049522,446.4,0.05
0.03082145,62.469757,424.0,0.05
0.017378848,53.55387,440.2,0.05
