0.20379482,0.8662344,9.1,0.9601
0.5917102,1.4230785,9.2,0.9582
1.1142677,1.841357,9.3,0.9563
1.536634,2.257064,9.8,0.9544
1.5707235,2.8595114,9.4,0.9525
1.6735394,3.3260741,9.0,0.9506
2.012969,3.8334732,8.9,0.9487
2.774562,4.4288874,9.4,0.9468
1.7500405,4.8608828,9.3,0.9449
3.0409067,5.238959,9.9,0.9430000000000001
3.0716624,5.766145,10.9,0.9411
3.0028424,6.1046915,11.4,0.9392
5.796192,6.6754103,10.3,0.9373
3.6354895,6.796733,10.4,0.9354
3.9030132,6.974201,9.8,0.9335
3.7636561,7.1020126,9.5,0.9316
4.772694,7.4435506,9.4,0.9297
4.1625214,7.6728244,9.2,0.9278
4.690649,7.668781,9.2,0.9259
5.154699,7.838742,9.4,0.924
5.06209,7.8129234,9.0,0.9221
3.4135537,8.043243,9.4,0.9202
4.1158814,8.17985,9.1,0.9183
6.5750203,8.148531,9.7,0.9164
5.3962507,8.179922,9.2,0.9145
6.8323,8.072884,9.5,0.9126
9.17456,8.101024,9.3,0.9107000000000001
6.485725,8.108964,9.1,0.9088
7.15794,8.288123,9.4,0.9069
7.345197,8.204817,9.5,0.905
6.787101,8.212494,9.7,0.9031
4.52013,8.085566,9.9,0.9012
6.2481313,8.096153,10.0,0.8993
7.3279223,8.239489,10.4,0.8974
7.3584566,8.3547945,9.3,0.8955
5.7989054,8.415094,9.6,0.8936
6.5583854,8.414458,9.3,0.8917
8.374144,8.289528,9.4,0.8898
5.0765204,8.416211,9.7,0.8879
6.5321255,8.388729,9.8,0.886
6.5011406,8.4844265,9.6,0.8841
4.4356422,8.537826,9.4,0.8822
8.665743,8.428032,9.4,0.8803
5.496788,8.379673,10.7,0.8784000000000001
6.090561,8.414133,10.3,0.8765000000000001
3.7814503,8.404464,10.1,0.8746
7.2937737,8.599716,9.4,0.8727
6.6158123,8.593926,15.1,0.8708
5.078478,8.6350355,10.2,0.8689
6.7800407,8.628056,9.5,0.867
8.029547,8.681089,9.2,0.8651
6.5664706,8.732463,9.2,0.8632
7.28944,8.777687,9.6,0.8613
6.0630517,8.621979,9.0,0.8594
8.510475,8.6566925,9.4,0.8575
8.102393,8.682562,9.4,0.8556
7.4619956,8.762522,9.5,0.8537
3.6722217,8.69364,9.9,0.8518
7.5054135,8.716426,9.8,0.8499
9.243885,8.608329,11.3,0.848
4.0603247,8.464516,9.4,0.8461000000000001
7.541873,8.520312,9.5,0.8442000000000001
6.719301,8.472834,9.5,0.8423
5.9989023,8.493887,10.0,0.8404
6.919007,8.538821,9.4,0.8385
6.7445307,8.562889,9.5,0.8366
7.709112,8.547202,9.3,0.8347
6.3276587,8.5582905,9.2,0.8328
6.388748,8.398249,9.5,0.8309
5.8596973,8.47081,9.5,0.829
5.789748,8.491847,9.6,0.8271000000000001
6.1848745,8.543634,9.3,0.8252
5.2243695,8.662628,9.5,0.8233
8.367046,8.621384,9.8,0.8214
6.8465185,8.540067,9.6,0.8195
6.7896724,8.412202,9.1,0.8176
7.597207,8.374507,11.4,0.8157
6.7019396,8.36139,9.8,0.8138000000000001
4.3778243,8.446503,9.5,0.8119000000000001
6.409919,8.3226385,9.9,0.81
5.1047897,8.429491,9.6,0.8081
7.0254464,8.498508,9.9,0.8062
7.134985,8.463259,9.4,0.8043
5.3194795,8.413717,9.8,0.8024
7.1828957,8.387168,12.6,0.8005
7.128026,8.413923,9.7,0.7986
5.693589,8.574618,9.1,0.7967
7.236871,8.545355,9.8,0.7948000000000001
7.2109213,8.657183,9.4,0.7929
7.4388094,8.649666,10.3,0.791
7.4303226,8.714447,9.6,0.7891
7.271334,8.720787,9.2,0.7872
6.7690787,8.688935,10.0,0.7853
5.62146,8.639799,9.2,0.7834
6.0477023,8.576668,9.5,0.7815000000000001
5.229212,8.669086,9.4,0.7796000000000001
7.7187204,8.780575,10.0,0.7777000000000001
9.836256,8.668928,9.6,0.7758
7.161036,8.708441,9.4,0.7739
7.689863,8.742773,9.7,0.772
7.5654144,8.844267,9.9,0.7701
7.7654586,8.872372,9.6,0.7682
8.8640175,8.806479,9.6,0.7663
8.30284,8.657234,9.4,0.7644
6.50705,8.657942,9.5,0.7625
5.675109,8.559231,9.8,0.7606
5.033719,8.569498,9.4,0.7587
8.049789,8.762046,9.6,0.7568
7.291585,8.717916,9.6,0.7549
6.8227844,8.864896,9.7,0.753
7.9966855,8.808097,9.8,0.7511
5.978738,8.80727,13.3,0.7492000000000001
5.73415,9.062436,13.7,0.7473000000000001
7.365852,9.099277,9.7,0.7454000000000001
6.4316525,9.078174,9.5,0.7435
8.610475,9.034826,9.4,0.7416
6.59132,9.181967,14.5,0.7397
6.990534,9.057072,9.7,0.7378
8.248978,9.309318,10.6,0.7359
8.246145,9.262713,9.4,0.734
9.780573,9.348067,9.8,0.7321
7.534634,9.306276,9.5,0.7302
7.800907,9.492119,9.9,0.7283
7.0691013,9.368507,9.4,0.7264
6.5149245,9.433132,9.7,0.7245
7.412506,9.477238,12.0,0.7226
9.73686,9.555326,9.6,0.7207
7.5579343,9.502932,9.6,0.7188000000000001
5.852146,9.5644,11.1,0.7169000000000001
5.9013453,9.687101,10.6,0.7150000000000001
5.830016,9.683102,10.1,0.7131000000000001
9.324379,9.7761135,9.3,0.7112
8.781425,9.636797,10.2,0.7093
5.409935,9.702753,11.6,0.7074
8.137369,9.611887,9.3,0.7055
7.7548437,9.686222,9.6,0.7036
7.9115257,9.920053,15.4,0.7017
10.500711,9.555751,9.8,0.6998
8.729357,9.542671,20.7,0.6979
7.042122,9.513365,10.9,0.696
11.612251,9.62818,12.0,0.6941
6.907097,9.60088,11.7,0.6922
8.312907,9.67157,12.2,0.6903
11.204966,9.60192,11.1,0.6884
8.291915,9.490364,26.0,0.6865000000000001
6.402418,9.584521,22.4,0.6846000000000001
8.48559,9.512951,23.7,0.6827000000000001
7.8493466,9.602146,10.7,0.6808000000000001
6.9178247,9.644914,19.0,0.6789000000000001
9.458536,9.62105,27.8,0.677
4.889242,9.620204,18.9,0.6751
7.8301315,9.53158,17.0,0.6732
10.183521,9.624186,24.4,0.6713
10.363594,9.733755,24.7,0.6694
6.7180653,9.819364,12.5,0.6675
9.215998,9.644958,16.4,0.6656
7.201468,9.594442,35.9,0.6637
5.984576,9.792169,27.0,0.6618
6.92731,9.704037,17.2,0.6599
6.0911283,9.843403,33.2,0.658
4.500366,9.810299,27.6,0.6561
8.624541,9.810429,25.9,0.6542000000000001
7.131631,9.854137,14.5,0.6523000000000001
7.5762396,9.679934,28.1,0.6504000000000001
7.8919783,9.708847,35.6,0.6485000000000001
5.62678,9.630181,43.2,0.6466000000000001
9.460161,9.515024,33.2,0.6447
9.721954,9.6623955,23.0,0.6428
6.5469427,9.624368,15.9,0.6409
5.165062,9.768726,42.6,0.639
7.14433,9.979274,40.1,0.6371
8.704505,10.03823,22.6,0.6352
4.1970882,10.16037,43.1,0.6333
7.32244,10.201353,44.6,0.6314
7.763023,10.445309,42.7,0.6295000000000001
8.542654,10.705709,31.7,0.6276
7.3442965,10.9215765,16.1,0.6257
7.7390895,11.115211,14.0,0.6238
7.2154036,11.284639,24.9,0.6219000000000001
8.308599,11.535637,27.1,0.6200000000000001
10.272608,11.55707,27.2,0.6181000000000001
5.429716,11.900141,32.2,0.6162000000000001
9.121515,11.903007,41.2,0.6143000000000001
10.061433,11.999228,35.5,0.6124
6.4544215,12.196501,40.3,0.6105
11.010474,12.173572,39.5,0.6086
10.5089655,12.353731,40.5,0.6067
5.741169,12.665225,39.9,0.6048
8.31535,12.733587,41.9,0.6029
10.478392,12.761689,35.8,0.601
8.295261,12.888958,43.0,0.5991
5.0850897,13.113325,33.8,0.5972000000000001
9.98484,13.192134,32.9,0.5953
5.348289,13.42112,31.8,0.5934
9.139278,13.56057,23.6,0.5915
13.367714,13.900869,30.3,0.5896000000000001
11.811049,14.081826,16.8,0.5877000000000001
5.6806808,13.91203,10.8,0.5858000000000001
7.3119764,13.934001,15.8,0.5839000000000001
15.860446,14.021837,25.4,0.5820000000000001
10.765725,13.899437,25.4,0.5801000000000001
12.428703,13.916679,14.5,0.5782
6.712167,13.905799,25.5,0.5763
8.678808,13.933705,26.2,0.5744
8.570948,14.053061,21.6,0.5725
13.466463,14.155628,19.8,0.5706
11.70635,13.93416,9.7,0.5687
13.832102,13.952633,14.2,0.5668
13.780471,13.912705,9.7,0.5649000000000001
9.145266,13.908191,11.3,0.5630000000000001
9.32378,13.603639,19.5,0.5611
10.174738,13.690147,22.5,0.5592
16.785418,13.312911,15.3,0.5573
13.27423,13.284749,30.7,0.5554000000000001
9.6995535,13.170074,31.2,0.5535000000000001
11.671774,13.079718,27.4,0.5516000000000001
8.822256,13.106442,23.1,0.5497000000000001
10.004909,13.097582,29.6,0.5478000000000001
14.773569,12.897022,34.4,0.5459
15.772743,12.875267,30.9,0.544
9.650974,12.9819,35.5,0.5421
6.4076157,12.875225,21.5,0.5402
11.784476,12.89903,21.3,0.5383
6.3380766,12.894227,31.7,0.5364
8.489593,12.911735,31.1,0.5345
14.033193,12.958403,38.6,0.5326000000000001
9.679779,13.022587,36.2,0.5307000000000001
10.388981,13.179303,33.2,0.5288
7.675436,13.1764965,31.5,0.5269
11.951595,13.487234,27.2,0.525
8.088012,13.564281,13.7,0.5231000000000001
12.47205,13.679279,17.3,0.5212000000000001
10.779926,13.699909,12.3,0.5193000000000001
8.398749,13.914068,21.7,0.5174000000000001
10.444313,13.987276,28.0,0.5155000000000001
9.960426,13.980169,18.0,0.5136000000000001
13.968456,14.063392,14.4,0.5117
10.115367,13.870307,13.3,0.5098
10.45603,13.844033,24.4,0.5079
11.076071,13.961472,25.0,0.506
14.442371,13.890841,18.3,0.5041
17.491833,14.264123,14.5,0.5022
17.044086,14.193547,9.6,0.5003000000000001
20.290771,14.159284,9.7,0.49840000000000007
17.785307,13.747671,21.8,0.49650000000000005
10.323864,13.495453,37.5,0.49460000000000004
11.197666,13.492647,51.7,0.4927
9.925815,13.462889,29.2,0.4908
12.974665,13.451519,31.2,0.4889
15.273905,13.384167,30.1,0.4870000000000001
9.765642,13.290616,42.0,0.4851000000000001
16.568089,13.197986,35.2,0.4832000000000001
11.883857,13.420768,41.5,0.48130000000000006
7.4778876,13.355952,30.3,0.47940000000000005
6.1724415,13.380668,40.6,0.47750000000000004
6.1160707,13.65442,39.5,0.4756
10.804902,13.552946,40.8,0.4737
6.222293,13.7814665,46.0,0.4718000000000001
10.313405,13.855988,33.4,0.4699000000000001
7.160925,13.980888,35.7,0.4680000000000001
8.023527,13.90914,42.6,0.46610000000000007
10.549259,14.0441265,34.4,0.46420000000000006
10.778541,14.298268,34.8,0.46230000000000004
8.261925,14.417301,20.1,0.46040000000000003
6.300907,14.557791,45.4,0.4585
10.806867,14.847647,28.4,0.4566
4.2211766,15.160866,25.0,0.4547000000000001
10.853566,15.274352,14.7,0.4528000000000001
10.977784,15.381077,36.6,0.4509000000000001
9.567564,15.56746,33.2,0.44900000000000007
10.692573,15.623071,17.2,0.44710000000000005
9.78453,15.617804,60.1,0.44520000000000004
8.298786,15.7801285,51.5,0.4433
11.833662,15.832427,60.3,0.4414
14.497344,15.990779,61.0,0.4395
11.335026,16.118979,57.3,0.4376000000000001
8.624128,16.25388,57.2,0.4357000000000001
11.7143755,16.31884,69.4,0.4338000000000001
5.2869024,16.360699,100.9,0.43190000000000006
10.0217705,16.36949,24.9,0.43000000000000005
10.790365,16.451725,79.5,0.42810000000000004
14.015618,16.81554,62.9,0.4262
13.414117,16.952696,29.3,0.4243
7.4541893,17.042473,18.2,0.4224000000000001
16.040665,17.186329,12.4,0.4205000000000001
6.7963905,17.20692,85.6,0.4186000000000001
16.078068,17.217205,21.0,0.41670000000000007
12.108986,17.458515,42.7,0.41480000000000006
16.577032,17.533836,14.7,0.41290000000000004
13.469681,17.477968,17.5,0.41100000000000003
17.781105,17.615917,14.9,0.4091
9.297213,17.839462,23.9,0.4072
10.751958,17.92176,11.0,0.4053000000000001
13.042388,17.6392,9.8,0.4034000000000001
13.733539,17.393654,16.7,0.4015000000000001
15.505018,17.480835,38.5,0.39960000000000007
18.753887,17.350496,9.4,0.39770000000000005
17.38971,16.903727,12.5,0.39580000000000004
16.32457,16.659931,23.9,0.39390000000000003
17.989002,16.58586,36.2,0.392
13.053396,16.471481,17.2,0.3901000000000001
13.009551,16.18415,14.7,0.3882000000000001
15.924123,15.969702,16.2,0.3863000000000001
11.411173,15.865735,16.5,0.3844000000000001
11.1633215,15.740381,19.0,0.38250000000000006
13.423374,15.545845,22.9,0.38060000000000005
9.799696,15.650593,37.1,0.37870000000000004
10.871464,15.555492,20.3,0.3768
11.519682,15.620442,14.9,0.3749
17.72093,15.838848,13.4,0.3730000000000001
10.893713,15.77574,10.6,0.3711000000000001
15.335372,15.711754,10.1,0.3692000000000001
11.602192,15.769533,19.3,0.36730000000000007
11.025078,15.668453,14.5,0.36540000000000006
11.603849,15.8634815,11.9,0.36350000000000005
10.205867,15.969025,9.4,0.36160000000000003
14.824232,15.892744,9.7,0.3597
11.132906,15.848089,16.0,0.3578000000000001
7.587717,15.983448,11.2,0.3559000000000001
19.506506,16.243225,13.8,0.3540000000000001
11.520178,16.390694,16.7,0.3521000000000001
10.910634,16.37055,9.5,0.35020000000000007
10.94798,16.390259,11.1,0.34830000000000005
18.30906,16.333832,10.1,0.34640000000000004
11.747731,16.29684,35.3,0.34450000000000003
14.420195,16.089787,41.3,0.3426
13.187685,16.090006,49.7,0.3407000000000001
15.071062,16.241829,38.0,0.3388000000000001
11.580265,16.432053,19.3,0.3369000000000001
24.04437,16.516035,11.5,0.3350000000000001
13.842937,16.446733,9.6,0.33310000000000006
12.813641,16.382435,36.4,0.33120000000000005
18.079468,16.276447,32.1,0.32930000000000004
17.264557,16.467003,48.9,0.3274
9.0629635,16.530474,26.1,0.3255000000000001
7.1587853,16.860294,30.3,0.3236000000000001
14.586942,17.163414,11.4,0.3217000000000001
13.953147,17.266918,12.3,0.3198000000000001
14.042341,17.125866,11.5,0.31790000000000007
27.713795,16.913635,24.6,0.31600000000000006
15.4570675,16.829815,46.0,0.31410000000000005
8.458344,17.04921,38.7,0.31220000000000003
13.788587,17.24664,35.3,0.3103
13.076186,17.358057,12.4,0.3084000000000001
17.36752,17.371403,11.8,0.3065000000000001
7.9654512,17.39271,9.7,0.3046000000000001
13.331044,17.2612,12.0,0.3027000000000001
20.219698,17.170807,12.5,0.30080000000000007
14.011765,16.88637,12.1,0.29890000000000005
13.471987,16.743286,14.2,0.29700000000000004
13.26297,16.733189,43.7,0.29510000000000003
17.144014,16.815636,15.9,0.2932
10.506439,16.721107,11.3,0.2913000000000001
9.415546,16.63861,10.7,0.2894000000000001
8.4941635,16.642517,9.6,0.2875000000000001
20.561152,16.46175,10.8,0.2856000000000001
27.433481,16.287933,9.6,0.28370000000000006
14.325403,16.03403,9.8,0.28180000000000005
12.344211,15.81264,9.2,0.27990000000000004
14.541613,15.581413,9.1,0.278
8.325722,15.321997,34.7,0.2761000000000001
11.46777,14.881035,54.0,0.2742000000000001
10.61092,14.800486,67.1,0.2723000000000001
16.936787,14.7151375,73.6,0.2704000000000001
15.38773,14.609977,39.5,0.26850000000000007
10.09684,14.693509,102.9,0.26660000000000006
13.134317,14.711071,56.6,0.26470000000000005
12.577045,14.892882,24.8,0.26280000000000003
7.425886,15.020459,13.1,0.2609
9.163376,15.228781,16.6,0.2590000000000001
8.555955,15.200379,14.1,0.2571000000000001
12.648573,15.075054,36.7,0.2552000000000001
9.988331,15.112638,24.5,0.2533000000000001
13.936452,15.081467,48.7,0.25140000000000007
15.486021,15.090719,43.5,0.24950000000000006
8.520763,15.1774,47.0,0.24760000000000004
8.502939,15.377075,52.7,0.24570000000000003
17.96976,15.603909,58.1,0.24380000000000013
7.24752,15.829709,57.8,0.24190000000000011
4.832524,16.07248,33.7,0.2400000000000001
10.484646,16.48594,50.5,0.2381000000000001
10.010739,16.671011,22.9,0.23620000000000008
4.2614446,16.93985,25.7,0.23430000000000006
15.592861,17.047173,17.2,0.23240000000000005
7.699937,17.057621,17.3,0.23050000000000004
16.86071,17.144161,45.3,0.22860000000000003
11.868294,17.382618,22.9,0.22670000000000012
6.813702,17.63696,31.9,0.2248000000000001
12.702301,17.986929,13.6,0.2229000000000001
10.739229,17.958693,15.6,0.22100000000000009
11.967716,17.869825,14.0,0.21910000000000007
17.417046,18.01944,32.3,0.21720000000000006
11.936267,18.099957,18.1,0.21530000000000005
13.195078,18.09624,19.2,0.21340000000000003
10.944422,18.290218,22.2,0.21150000000000013
21.63341,18.212317,24.1,0.20960000000000012
9.8112755,18.32038,30.8,0.2077000000000001
15.938872,18.224192,30.8,0.2058000000000001
21.467346,18.204689,41.8,0.20390000000000008
19.115002,18.221369,24.7,0.20200000000000007
12.261885,18.25223,40.9,0.20010000000000006
18.110636,18.263502,37.7,0.19820000000000004
8.727131,18.397501,49.4,0.19630000000000003
11.29896,18.34658,43.1,0.19440000000000013
13.621832,18.336369,22.7,0.19250000000000012
11.210472,18.328133,39.8,0.1906000000000001
15.921066,18.145489,17.4,0.1887000000000001
20.261425,18.251797,46.0,0.18680000000000008
13.388358,18.279274,31.8,0.18490000000000006
10.002489,18.286423,39.2,0.18300000000000005
9.954356,18.339628,31.8,0.18110000000000004
9.99604,18.515121,41.4,0.17920000000000014
11.324537,18.693207,21.7,0.17730000000000012
14.121887,18.93489,16.1,0.1754000000000001
11.959134,19.162403,23.4,0.1735000000000001
9.595642,19.295456,20.7,0.17160000000000009
17.60482,19.272625,26.9,0.16970000000000007
17.688864,19.468548,17.4,0.16780000000000006
9.9324875,19.56443,18.7,0.16590000000000005
12.766816,19.434498,16.3,0.16400000000000003
12.892168,19.157892,17.6,0.16210000000000013
22.481478,18.982044,17.5,0.16020000000000012
14.592177,18.883425,20.6,0.1583000000000001
6.784862,19.026485,45.2,0.1564000000000001
9.493801,19.156704,23.5,0.15450000000000008
14.85837,19.171185,18.0,0.15260000000000007
9.710853,19.152542,27.0,0.15070000000000006
14.846305,19.245178,28.0,0.14880000000000004
11.048235,19.185741,23.3,0.14690000000000014
18.782372,19.087238,13.3,0.14500000000000013
10.846247,19.096798,25.8,0.14310000000000012
17.31909,19.158947,19.6,0.1412000000000001
16.070816,18.968412,23.2,0.1393000000000001
16.943455,18.8754,42.9,0.13740000000000008
11.891463,18.903988,40.8,0.13550000000000006
7.029773,18.834301,16.8,0.13360000000000005
16.817242,18.838593,50.0,0.13170000000000004
19.30851,18.844406,20.3,0.12980000000000014
15.589859,19.04578,46.6,0.12790000000000012
21.148052,19.215763,40.1,0.1260000000000001
7.0386796,19.27024,30.1,0.1241000000000001
11.060274,19.42544,24.6,0.12220000000000009
19.206486,19.292883,34.0,0.12030000000000007
17.533684,19.261948,30.3,0.11840000000000006
14.955534,19.22031,40.3,0.11650000000000005
9.658537,19.404621,32.2,0.11460000000000004
12.58772,19.484474,28.9,0.11270000000000013
9.983791,19.52672,40.1,0.11080000000000012
19.447908,19.596584,32.8,0.10890000000000011
8.709995,19.58893,39.5,0.1070000000000001
15.585414,19.844814,27.4,0.10510000000000008
11.743912,19.966259,30.7,0.10320000000000007
13.237165,20.16219,38.1,0.10130000000000006
7.774548,20.160784,20.9,0.09940000000000004
19.35936,20.259115,27.0,0.09750000000000014
6.3581686,20.255802,40.3,0.09560000000000013
13.690093,20.322702,33.4,0.09370000000000012
12.219361,20.50081,34.7,0.0918000000000001
12.447025,20.54325,43.1,0.08990000000000009
15.698523,20.962795,28.5,0.08800000000000008
16.175297,21.03578,10.7,0.08610000000000007
14.683121,20.963242,21.0,0.08420000000000005
20.833506,21.034399,15.0,0.08230000000000004
14.735387,20.957577,12.2,0.08040000000000014
14.639223,20.882202,32.7,0.07850000000000013
9.807432,20.901508,12.7,0.07660000000000011
14.684723,20.605356,27.5,0.0747000000000001
20.099472,20.440681,19.6,0.07280000000000009
22.81199,20.360476,12.1,0.07090000000000007
23.940569,20.150633,14.5,0.06900000000000006
24.915207,20.066633,55.6,0.06710000000000005
24.4576,19.600952,11.6,0.06520000000000015
15.449897,19.36086,53.4,0.06330000000000013
16.464155,19.392239,32.6,0.06140000000000012
12.487181,19.456608,55.1,0.05950000000000011
12.730001,19.227377,38.5,0.057600000000000096
15.025607,19.103666,11.1,0.05570000000000008
13.517334,19.038002,9.4,0.05380000000000007
21.038116,18.741457,9.2,0.05190000000000006
16.703445,18.49077,10.5,0.050000000000000044
30.032742,18.089588,12.8,0.05
18.619583,17.648354,52.2,0.05
24.563093,17.613438,35.5,0.05
9.319145,17.466248,48.4,0.05
14.482028,17.533796,41.9,0.05
15.617345,17.501194,32.4,0.05
21.808624,17.415453,30.6,0.05
12.230118,17.363625,41.8,0.05
17.41063,17.395853,43.8,0.05
17.408623,17.432327,39.7,0.05
16.553955,17.512928,51.5,0.05
21.106834,17.722183,41.7,0.05
14.867984,17.66178,47.4,0.05
8.291149,17.702257,53.5,0.05
12.695757,17.808449,56.6,0.05
11.745365,17.805435,46.5,0.05
7.194802,18.049755,29.8,0.05
13.121351,18.161907,15.0,0.05
13.34362,18.250101,13.0,0.05
5.314763,18.323658,20.1,0.05
22.123898,18.603987,12.4,0.05
13.940134,18.600466,32.6,0.05
10.425637,18.51416,44.8,0.05
15.025293,18.613113,32.2,0.05
15.24099,18.665127,39.5,0.05
7.9939375,18.653967,57.5,0.05
11.598577,18.933525,56.2,0.05
8.092512,19.078163,30.0,0.05
10.83604,19.212914,18.3,0.05
12.328159,19.402393,23.9,0.05
17.9598,19.60783,10.2,0.05
15.638963,19.243385,9.1,0.05
12.44843,19.258205,9.9,0.05
15.202325,18.889973,9.9,0.05
12.144256,18.634542,21.9,0.05
22.547514,18.64159,38.0,0.05
22.32897,18.326809,35.3,0.05
22.709198,18.163387,52.5,0.05
21.349976,18.1829,51.2,0.05
12.156453,18.273216,41.7,0.05
13.540947,18.341099,25.3,0.05
15.9105,18.435005,30.7,0.05
19.57429,18.39495,24.2,0.05
13.599334,18.251411,38.9,0.05
15.80358,18.20623,47.3,0.05
17.99548,17.974918,33.0,0.05
13.06251,18.066631,43.6,0.05
29.016712,18.008059,34.1,0.05
19.811228,17.960964,38.0,0.05
15.284834,18.035845,44.6,0.05
9.688684,18.23719,35.4,0.05
6.38597,18.34806,30.8,0.05
11.267209,18.513441,23.9,0.05
18.790318,18.705898,32.8,0.05
15.407726,18.888927,17.0,0.05
5.594018,18.959381,9.3,0.05
7.012293,19.036465,9.4,0.05
13.332519,18.995224,39.9,0.05
17.118061,19.095379,30.2,0.05
8.397347,18.973722,12.7,0.05
20.745686,18.828438,22.4,0.05
13.061609,18.648376,12.5,0.05
11.716377,18.591057,13.7,0.05
22.385689,18.49889,11.0,0.05
11.503354,18.4537,11.3,0.05
17.35474,18.39033,9.5,0.05
14.850132,18.16605,10.5,0.05
14.676852,17.711727,29.6,0.05
23.381092,17.515438,47.4,0.05
22.827408,17.286121,28.7,0.05
23.04197,16.796831,27.6,0.05
9.578835,16.77703,17.4,0.05
11.5595665,16.637337,40.4,0.05
11.274058,16.456743,35.8,0.05
19.236753,16.161129,34.6,0.05
13.234425,16.02338,54.2,0.05
20.162073,16.063522,42.0,0.05
15.74572,16.09462,28.5,0.05
15.852331,16.199661,27.1,0.05
16.03041,16.13057,11.7,0.05
14.073608,16.02553,14.3,0.05
14.821087,15.994927,16.1,0.05
13.03038,15.973791,14.4,0.05
6.193184,15.836176,9.6,0.05
10.1515255,15.889242,15.6,0.05
11.073648,16.015026,10.1,0.05
12.131851,15.899304,11.5,0.05
17.214514,15.91007,10.6,0.05
12.024075,15.778669,14.2,0.05
10.11408,15.660221,18.4,0.05
14.994769,15.77142,29.6,0.05
16.150896,15.912724,18.1,0.05
15.347258,15.731596,10.7,0.05
12.546797,15.697945,14.4,0.05
9.943429,15.653643,25.9,0.05
14.160891,15.635623,14.3,0.05
11.599344,15.428989,13.9,0.05
6.6809044,15.186369,21.2,0.05
11.016222,15.072023,40.3,0.05
17.004059,15.172686,45.3,0.05
17.134998,15.166763,20.2,0.05
11.728062,15.028368,24.9,0.05
10.743236,14.989238,26.0,0.05
13.661609,14.94606,20.7,0.05
13.61232,14.919374,18.6,0.05
21.942968,14.965581,23.3,0.05
12.111411,14.775036,15.6,0.05
8.155842,14.717617,38.3,0.05
14.039972,14.851019,44.3,0.05
8.139145,15.035148,39.5,0.05
11.538056,15.181616,25.2,0.05
7.728836,15.338039,23.2,0.05
12.72828,15.458218,41.7,0.05
8.810202,15.744115,43.6,0.05
11.761269,16.044708,38.9,0.05
10.345629,16.167591,31.4,0.05
4.0382533,16.441114,25.1,0.05
11.8511305,16.666756,18.5,0.05
14.216649,16.95996,16.0,0.05
6.5778084,17.080725,16.5,0.05
10.883824,16.997173,12.8,0.05
13.712894,16.87997,18.8,0.05
11.473792,16.914253,30.1,0.05
7.623189,16.891102,42.9,0.05
15.503927,16.800005,10.8,0.05
13.344965,16.79904,50.4,0.05
13.427505,16.729353,48.9,0.05
13.280291,16.673058,22.2,0.05
11.322433,16.707304,43.7,0.05
18.061966,16.809906,43.4,0.05
20.013855,16.685497,36.1,0.05
15.080668,16.776352,39.1,0.05
13.344944,16.936914,27.9,0.05
12.544519,17.050568,22.8,0.05
16.674643,16.999702,19.8,0.05
7.7453938,16.89552,21.6,0.05
13.603867,16.863344,42.5,0.05
14.465229,16.965847,43.2,0.05
9.572883,16.986965,41.2,0.05
13.7136,17.046497,38.4,0.05
9.681751,17.159607,48.9,0.05
14.074952,17.54396,50.3,0.05
11.383783,17.835201,43.7,0.05
9.447209,18.116196,35.5,0.05
7.4527693,18.311806,39.8,0.05
6.3821955,18.467367,17.9,0.05
7.697057,18.609337,25.5,0.05
21.4082,18.758854,22.4,0.05
10.452435,18.897287,25.8,0.05
9.313465,19.101055,19.1,0.05
14.806955,19.231888,11.5,0.05
10.976538,19.445667,41.5,0.05
13.967416,19.667578,17.5,0.05
14.230138,19.675482,30.2,0.05
19.714024,19.69806,13.9,0.05
12.902508,19.92122,44.6,0.05
13.244652,20.125462,18.0,0.05
16.435936,20.287956,29.9,0.05
12.148655,20.49456,12.2,0.05
25.690014,20.380013,9.3,0.05
25.472462,20.285856,17.3,0.05
24.899672,19.783895,46.0,0.05
15.792761,19.551624,30.6,0.05
32.574272,19.349327,18.6,0.05
20.344936,18.943474,19.3,0.05
14.63611,18.738642,17.8,0.05
29.67368,18.395073,37.4,0.05
23.031612,18.218712,52.5,0.05
18.07245,18.061142,41.8,0.05
19.911263,17.90628,39.6,0.05
11.892162,18.032097,45.3,0.05
17.635101,17.838629,42.8,0.05
12.897801,17.718632,51.8,0.05
10.558951,17.593964,48.2,0.05
14.710836,17.643284,42.4,0.05
16.945621,17.628027,33.2,0.05
8.129751,17.79016,59.3,0.05
7.290303,17.799667,39.3,0.05
9.471458,17.952429,55.3,0.05
14.264106,18.279293,44.2,0.05
6.3402834,18.54266,44.7,0.05
8.996244,18.776043,39.3,0.05
11.705196,18.966753,43.8,0.05
8.096404,19.300451,44.7,0.05
7.022811,19.643604,49.7,0.05
5.852019,19.985167,33.8,0.05
9.000372,20.303337,41.3,0.05
3.2199178,20.719429,48.5,0.05
6.526005,20.995115,44.2,0.05
11.559464,21.424507,42.2,0.05
6.995943,21.616243,39.8,0.05
19.02231,21.871933,44.4,0.05
10.791873,22.317888,41.0,0.05
13.010155,22.443443,36.8,0.05
9.478757,22.731785,39.4,0.05
6.0623817,22.884129,39.5,0.05
15.5516405,23.08728,28.1,0.05
17.882648,23.387707,28.6,0.05
18.226765,23.394436,29.2,0.05
6.442112,23.44574,37.5,0.05
16.347994,23.479599,24.4,0.05
18.422764,23.63727,46.0,0.05
22.761433,23.799618,40.6,0.05
14.795384,23.83945,23.4,0.05
18.932503,23.94841,27.7,0.05
17.154083,24.154945,12.2,0.05
21.478668,24.063896,11.4,0.05
17.23121,23.873564,9.3,0.05
15.070736,23.804647,9.5,0.05
30.859766,23.294405,9.7,0.05
25.747581,22.98006,11.0,0.05
32.323975,22.61503,10.9,0.05
19.085485,22.190882,10.6,0.05
20.09629,21.519753,32.8,0.05
20.435246,20.855438,40.4,0.05
23.670612,20.502167,39.1,0.05
21.330437,20.200857,31.6,0.05
30.460295,19.935535,25.7,0.05
10.733079,19.636755,33.2,0.05
29.068544,19.514633,40.1,0.05
18.004461,19.542118,32.9,0.05
15.515693,19.27295,10.9,0.05
27.596613,18.820328,13.3,0.05
22.671118,18.43974,43.8,0.05
18.539873,18.34475,35.7,0.05
15.992595,18.247501,48.7,0.05
18.027985,18.039755,53.3,0.05
17.620941,18.000607,43.9,0.05
16.484364,18.053349,39.0,0.05
9.681738,18.217468,49.1,0.05
15.722475,18.29818,42.3,0.05
11.166635,18.28545,24.4,0.05
9.914747,18.521786,50.9,0.05
15.102489,18.741987,46.8,0.05
12.952211,18.974674,36.2,0.05
4.2655435,19.178099,51.6,0.05
10.939087,19.340897,44.4,0.05
9.732459,19.567163,59.8,0.05
15.556433,19.881054,47.5,0.05
6.043688,20.130241,55.2,0.05
9.1204815,20.398327,48.2,0.05
10.858365,20.658693,42.4,0.05
9.580072,20.888935,52.0,0.05
16.061348,21.029469,41.6,0.05
13.199898,21.470514,62.0,0.05
13.699447,21.765202,48.0,0.05
8.887314,22.165115,53.9,0.05
9.221443,22.529514,44.8,0.05
15.138227,22.861347,51.9,0.05
9.844759,23.004858,46.1,0.05
6.198281,23.161432,56.0,0.05
12.052559,23.500408,61.0,0.05
10.437444,23.792547,46.8,0.05
6.471531,24.103275,65.7,0.05
17.300468,24.258713,61.8,0.05
6.731697,24.516485,59.4,0.05
6.8845263,24.88878,44.7,0.05
11.664297,25.129095,45.9,0.05
9.658584,25.22453,20.9,0.05
21.209429,25.332285,26.2,0.05
9.715412,25.549788,53.5,0.05
12.264246,25.641447,27.9,0.05
19.637321,25.865713,32.8,0.05
12.574137,26.1837,13.5,0.05
15.5218115,26.162626,12.7,0.05
22.896713,26.226095,12.4,0.05
22.959846,25.879456,11.0,0.05
31.9653,25.77749,15.5,0.05
24.670658,25.553308,12.2,0.05
12.706077,25.033295,18.6,0.05
34.007782,24.629194,49.6,0.05
30.832417,24.389915,47.0,0.05
26.038647,23.988905,53.7,0.05
17.191998,23.620127,24.3,0.05
24.487307,23.325005,45.7,0.05
29.566277,22.9409,31.1,0.05
33.906204,22.398136,29.7,0.05
30.771294,22.154633,42.1,0.05
15.195272,21.398857,29.1,0.05
21.78564,21.216316,10.6,0.05
34.979515,20.73468,33.4,0.05
8.552628,20.420586,53.2,0.05
18.364388,20.192108,38.2,0.05
19.289246,19.95834,45.4,0.05
13.377249,19.782146,30.8,0.05
11.728426,19.740664,21.2,0.05
21.347145,19.871187,28.1,0.05
26.9657,19.7678,38.2,0.05
22.523075,19.67147,34.2,0.05
11.516951,19.710243,20.0,0.05
30.602684,19.646479,21.4,0.05
18.191612,19.451777,10.3,0.05
19.189264,19.277924,33.7,0.05
18.80838,19.123184,44.8,0.05
21.048044,18.991392,40.6,0.05
18.369349,18.922813,36.1,0.05
20.596092,18.613823,29.0,0.05
17.569633,18.408306,31.3,0.05
12.628417,18.223028,43.8,0.05
11.197019,18.103138,45.1,0.05
13.222773,17.930733,55.1,0.05
11.884454,17.814945,37.7,0.05
10.765911,17.64997,40.6,0.05
15.818195,17.665796,53.2,0.05
8.379594,17.571165,50.7,0.05
13.49684,17.576464,47.6,0.05
9.234089,17.627527,47.2,0.05
13.689218,17.867928,39.8,0.05
12.867792,17.93005,38.1,0.05
4.0920715,17.845606,34.8,0.05
15.102997,17.922688,44.8,0.05
14.073098,17.897566,54.0,0.05
11.813002,18.12513,42.5,0.05
6.2452707,18.322968,41.2,0.05
11.263795,18.699709,41.0,0.05
6.6959667,18.754833,41.8,0.05
11.748291,18.794651,45.4,0.05
5.3948274,19.073744,36.7,0.05
8.177001,19.370035,34.3,0.05
11.150617,19.682585,39.5,0.05
14.28343,19.889872,36.7,0.05
8.91157,20.102962,31.1,0.05
17.776999,20.250244,30.5,0.05
10.702637,20.399464,30.9,0.05
15.374052,20.50195,34.8,0.05
22.796307,20.345425,33.4,0.05
12.411966,20.18375,29.1,0.05
13.601271,20.069674,51.5,0.05
10.573151,19.983889,76.4,0.05
19.029797,19.977142,56.7,0.05
9.103434,19.889336,67.8,0.05
18.822681,20.014858,69.2,0.05
11.919598,20.07855,61.6,0.05
16.22975,20.005583,63.5,0.05
6.224168,20.16634,64.3,0.05
12.127478,20.08675,69.9,0.05
17.715464,20.124887,67.3,0.05
10.575653,20.317661,80.9,0.05
15.193232,20.307188,61.8,0.05
10.782162,20.540047,68.9,0.05
15.457523,20.566349,81.2,0.05
9.529707,20.971268,86.5,0.05
13.077465,21.236685,64.9,0.05
8.489055,21.567593,60.1,0.05
10.499885,21.944065,54.3,0.05
10.856415,22.408949,42.1,0.05
11.290651,22.76511,60.3,0.05
15.539008,23.222435,59.8,0.05
4.1369634,23.557014,52.8,0.05
10.4613,23.832003,59.0,0.05
4.3568335,24.215256,58.3,0.05
21.777905,24.462543,55.5,0.05
11.244358,24.778938,51.3,0.05
9.315929,25.06616,63.0,0.05
9.552178,25.212162,50.7,0.05
4.847896,25.68502,74.2,0.05
9.968004,26.034737,71.6,0.05
20.298254,26.350124,65.0,0.05
10.50916,26.703876,41.6,0.05
16.053425,26.913378,33.3,0.05
21.441452,26.945364,25.8,0.05
8.29367,27.071068,31.0,0.05
16.492443,27.133308,31.3,0.05
19.234278,27.08103,25.8,0.05
13.856991,27.35545,49.2,0.05
16.767635,27.297297,27.5,0.05
11.364131,27.250326,23.4,0.05
11.317652,27.194427,41.1,0.05
13.874676,27.477242,26.4,0.05
25.242197,27.47646,9.9,0.05
27.88808,27.354542,9.7,0.05
27.851665,27.090351,9.1,0.05
34.694344,26.584618,9.3,0.05
41.236496,25.93198,10.0,0.05
22.51909,25.20641,14.8,0.05
21.464724,24.750046,15.9,0.05
58.113785,24.029118,17.1,0.05
39.043198,23.451172,14.3,0.05
37.350525,22.48854,9.6,0.05
42.601265,21.906445,9.5,0.05
41.698334,21.171658,19.5,0.05
39.041553,20.362516,30.9,0.05
25.395336,19.718857,31.2,0.05
31.429981,18.98581,46.8,0.05
32.816456,18.576817,73.3,0.05
25.455635,18.087471,56.2,0.05
22.232025,17.804607,31.4,0.05
14.090229,17.394096,34.9,0.05
13.677033,16.822979,45.0,0.05
22.011929,16.702044,46.4,0.05
19.86842,16.495068,52.5,0.05
14.783902,16.381649,47.3,0.05
16.416977,16.397772,45.8,0.05
16.562803,16.561264,52.5,0.05
9.119917,16.756481,49.8,0.05
12.312881,16.870876,39.6,0.05
16.37,16.874905,47.1,0.05
9.461815,17.111893,57.4,0.05
13.954603,17.374031,45.9,0.05
14.367031,17.65558,64.9,0.05
8.17068,17.98729,62.6,0.05
10.813576,18.394932,38.0,0.05
3.9162488,18.747368,36.8,0.05
6.641741,19.105083,38.9,0.05
5.5675945,19.424353,33.3,0.05
7.1827064,19.71072,32.5,0.05
3.2142181,19.867828,39.6,0.05
14.687927,20.267216,33.9,0.05
12.230727,20.516628,42.6,0.05
15.573893,20.741802,53.5,0.05
17.391972,20.889082,56.7,0.05
12.914355,20.988295,60.7,0.05
9.950521,21.19691,33.7,0.05
3.6409357,21.338276,55.4,0.05
11.88776,21.577927,47.6,0.05
13.813503,21.773367,40.7,0.05
8.989234,21.997362,37.2,0.05
10.966286,22.57137,43.5,0.05
17.004105,22.660912,9.5,0.05
18.815144,22.671337,36.7,0.05
20.797867,22.799183,31.9,0.05
19.186,22.905674,34.8,0.05
13.704596,22.847183,33.3,0.05
11.7539625,22.878136,38.1,0.05
11.7278595,23.050842,38.4,0.05
15.803268,23.009094,33.8,0.05
21.509825,23.201088,38.7,0.05
27.690777,23.345184,36.7,0.05
10.2488365,23.47035,35.0,0.05
14.382667,23.462488,32.7,0.05
16.377213,23.287132,34.5,0.05
6.3921466,23.34013,44.3,0.05
14.2628565,23.384892,43.2,0.05
16.267235,23.304222,41.0,0.05
10.283972,23.325546,52.3,0.05
25.97625,23.326824,47.8,0.05
12.247665,23.381187,51.0,0.05
22.1575,23.369244,36.3,0.05
14.222449,23.358656,44.6,0.05
18.188702,23.408237,35.8,0.05
12.306455,23.429276,41.9,0.05
16.330618,23.637764,70.3,0.05
8.482775,23.820225,37.1,0.05
14.86998,23.960295,38.5,0.05
19.243383,24.271666,47.3,0.05
6.7499557,24.574533,41.0,0.05
6.9904385,24.612642,35.1,0.05
11.385974,24.80214,21.8,0.05
13.904659,24.724308,56.5,0.05
18.212841,24.811333,51.4,0.05
22.773766,24.989914,101.4,0.05
14.207469,24.823208,46.9,0.05
13.918122,24.846746,64.9,0.05
18.42361,25.12744,66.1,0.05
7.2218513,25.35867,43.1,0.05
5.244501,25.33625,45.0,0.05
30.81532,25.487198,51.4,0.05
19.230053,25.45166,53.1,0.05
14.512974,25.568829,50.4,0.05
33.626213,25.598768,38.6,0.05
19.401653,25.470346,38.3,0.05
19.213572,25.492655,74.8,0.05
9.920348,25.446033,101.0,0.05
14.567875,25.593472,80.1,0.05
19.506912,25.745895,71.6,0.05
10.178413,25.840155,64.1,0.05
24.748375,26.020298,59.6,0.05
22.529255,26.094204,64.3,0.05
15.331732,26.082111,58.7,0.05
12.769382,26.360516,62.5,0.05
13.224611,26.705427,91.8,0.05
16.009764,26.945618,70.3,0.05
16.337711,27.07632,53.5,0.05
16.646177,27.355007,70.2,0.05
8.528051,27.560204,63.4,0.05
11.585313,27.963474,64.4,0.05
11.801383,28.10548,72.9,0.05
14.784464,27.995052,57.4,0.05
17.711918,28.315075,66.7,0.05
3.317671,28.52083,59.7,0.05
6.2303195,28.720272,66.5,0.05
15.4777355,28.726223,61.4,0.05
6.35352,29.029694,70.8,0.05
28.283653,29.208103,65.4,0.05
19.267973,29.561876,66.4,0.05
19.700989,29.882877,56.0,0.05
13.5006275,30.03535,54.5,0.05
16.89158,30.190804,53.7,0.05
13.813879,30.327122,47.8,0.05
40.56052,30.24269,34.8,0.05
44.034782,30.32257,45.1,0.05
14.025574,29.9693,41.6,0.05
33.68428,30.281012,55.0,0.05
10.509958,30.402864,55.4,0.05
27.55917,30.379736,38.0,0.05
14.263594,30.156277,44.7,0.05
13.779111,30.13086,54.1,0.05
3.8301232,30.069506,53.4,0.05
30.286736,29.943333,57.1,0.05
20.155046,29.651112,67.7,0.05
